4036
4037
4038
4039
4040
4078
4079
4080
4081
4082
4120
4121
4122
4123
4124
4162
4163
4164
4165
4166
4204
4205
4206
4207
4208
4246
4247
4248
4249
4250
4288
4289
4290
4291
4292
4330
4331
4332
4333
4334
4351
4352
4353
4354
4355
4393
4394
4395
4396
4397
4435
4436
4437
4438
4439
4477
4478
4479
4480
4481
4519
4520
4521
4522
4523
4561
4562
4563
4564
4565
4603
4604
4605
4606
4607
4645
4646
4647
4648
4649
4666
4667
4668
4669
4670
4708
4709
4710
4711
4712
4750
4751
4752
4753
4754
4792
4793
4794
4795
4796
4834
4835
4836
4837
4838
4876
4877
4878
4879
4880
4918
4919
4920
4921
4922
5065
5066
5067
5068
5069
5107
5108
5109
5110
5111
5149
5150
5151
5152
5153
5191
5192
5193
5194
5195
5233
5234
5235
5236
5237
5275
5276
5277
5278
5279
5317
5318
5319
5320
5321
5338
5339
5340
5341
5342
5380
5381
5382
5383
5384
5443
5444
5445
5446
5447
5485
5486
5487
5488
5489
5527
5528
5529
5530
5531
5569
5570
5571
5572
5573
5653
5654
5655
5656
5657
5695
5696
5697
5698
5699
5737
5738
5739
5740
5741
5779
5780
5781
5782
5783
5821
5822
5823
5824
5825
5863
5864
5865
5866
5867
5905
5906
5907
5908
5909
5947
5948
5949
5950
5951
5968
5969
5970
5971
5972
6052
6053
6054
6055
6056
6094
6095
6096
6097
6098
6136
6137
6138
6139
6140
6157
6158
6159
6160
6161
6199
6170
6171
6172
6173
6241
6242
6243
6244
6245
6283
6284
6285
6286
6287
6325
6326
6327
6328
6329
6346
6347
6348
6349
6350
6367
6368
6369
6370
6371
6409
6410
6411
6412
6413
6451
6452
6453
6454
6455
6493
6494
6495
6496
6497
6535
6536
6537
6538
6539
6577
6578
6579
6580
6581
6619
6620
6621
6622
6623
6661
6662
6663
6664
6665
6682
6683
6684
6685
6686
6724
6725
6726
6727
6728
6766
6767
6768
6769
6770
6808
6809
6810
6811
6812
6850
6851
6852
6853
6854
6892
6893
6894
6895
6896
6934
6935
6936
6937
6938
6976
6977
6978
6979
6980
7081
7082
7083
7084
7085
7123
7124
7125
7126
7127
7165
7166
7167
7168
7169
7207
7208
7209
7210
7211
7249
7250
7251
7252
7253
7291
7292
7293
7294
7295
7333
7334
7335
7336
7337
7354
7355
7356
7357
7358
7396
7397
7398
7399
7400
7438
7439
7440
7441
7442
7480
7481
7482
7483
7484
7522
7523
7524
7525
7526
7564
7565
7566
7567
7568
7606
7607
7608
7609
7610
7648
7649
7650
7651
7652
7669
7670
7671
7672
7673
7711
7712
7713
7714
7715
7753
7754
7755
7756
7757
7795
7796
7797
7798
7799
7837
7838
7839
7840
7841
7879
7880
7881
7882
7883
7921
7922
7923
7924
7925
7963
7964
7965
7966
7967
7984
7985
7986
7987
7988
8005
8006
8007
8008
8009
8047
8048
8049
8050
8051
8089
8090
8091
8092
8093
8131
8132
8133
8134
8135
8173
8174
8175
8176
8177
8215
8216
8217
8218
8219
8257
8258
8259
8260
8261
8300
8301
8302
8303
8304