4
5
6
7
8
9
10
46
47
48
49
50
51
52
67
68
69
70
71
72
73
109
110
111
112
113
114
115
151
152
153
154
155
156
157
193
194
195
196
197
198
199
235
236
237
238
239
240
241
277
278
279
280
281
282
283
319
320
321
322
323
324
325
361
362
363
364
365
366
367
403
404
405
406
407
408
409
445
446
447
448
449
450
451
487
488
489
490
491
492
493
529
530
531
532
533
534
535
571
572
573
574
575
576
577
634
635
636
637
638
639
640
676
677
678
679
680
681
682
718
719
720
721
722
723
724
760
761
762
763
764
765
766
802
803
804
805
806
807
808
844
845
846
847
848
849
850
886
887
888
889
890
891
892
928
929
930
931
932
933
934
970
971
972
973
974
975
976
1012
1013
1014
1015
1016
1017
1018
1033
1034
1035
1036
1037
1038
1039
1075
1076
1077
1078
1079
1080
1081
1117
1118
1119
1120
1121
1122
1123
1159
1160
1161
1162
1163
1164
1165
1201
1202
1203
1204
1205
1206
1207
1243
1244
1245
1246
1247
1248
1249
1285
1286
1287
1288
1289
1290
1291
1327
1328
1329
1330
1331
1332
1333
1369
1370
1371
1372
1373
1374
1375
1411
1412
1413
1414
1415
1416
1417
1474
1475
1476
1477
1478
1479
1480
1517
1518
1519
1520
1521
1522
1523
1558
1559
1560
1561
1562
1563
1564
1600
1601
1602
1603
1604
1605
1606
1642
1643
1644
1645
1646
1647
1648
1684
1685
1686
1687
1688
1689
1690
1725
1726
1727
1728
1729
1730
1731
1768
1769
1770
1771
1772
1773
1774
1810
1811
1812
1813
1814
1815
1816
1852
1853
1854
1855
1856
1857
1858
1873
1874
1875
1876
1877
1878
1879
1915
1916
1917
1918
1919
1920
1921
1957
1958
1959
1960
1961
1962
1963
1999
2000
2001
2002
2003
2004
2005
2041
2042
2043
2044
2045
2046
2047
2083
2084
2085
2086
2087
2088
2089
2125
2126
2127
2128
2129
2130
2131
2167
2168
2169
2170
2171
2172
2173
2209
2210
2211
2212
2213
2214
2215
2251
2252
2253
2254
2255
2256
2257
2314
2315
2316
2317
2318
2319
2320
2356
2357
2358
2359
2360
2361
2362
2398
2399
2400
2401
2402
2403
2404
2440
2441
2442
2443
2444
2445
2446
2482
2483
2484
2485
2486
2487
2488
2524
2525
2526
2527
2528
2529
2530
2566
2567
2568
2569
2570
2571
2572
2608
2609
2610
2611
2612
2613
2614
2650
2651
2652
2653
2654
2655
2656
2692
2693
2694
2695
2696
2697
2698
2713
2714
2715
2716
2717
2718
2719
2776
2777
2778
2779
2780
2781
2782
2818
2819
2820
2821
2822
2823
2824
2860
2861
2862
2863
2864
2865
2866
2902
2903
2904
2905
2906
2907
2908
2943
2944
2945
2946
2947
2948
2949
2986
2987
2988
2989
2990
2991
2992
3028
3029
3030
3031
3032
3033
3034
3070
3071
3072
3073
6074
6075
6076
3112
3113
3114
3115
3116
3117
3118
3133
3134
3135
3136
3137
3138
3139
3175
3176
3177
3178
3179
3180
3181
3217
3218
3219
3220
3221
3222
3223
3259
3260
3261
3262
3263
3264
3265
3301
3302
3303
3304
3305
3306
3307
3343
3344
3345
3346
3347
3348
3349
3385
3386
3387
3388
3389
3390
3391
3427
3428
3429
3430
3431
3432
3433
3469
3470
3471
3472
3473
3474
3475
3511
3512
3513
3514
3515
3516
3517