100
100
100
100
100
100
100
100
98
100
100
100
100
98
100
100
100
100
98
100
100
100
100
90
100
100
100
100
96
100
100
100
100
96
100
100
100
100
96
100
100
100
100
96
100
100
100
100
90
100
100
100
100
96
100
100
100
100
96
90
90
90
90
87
90
90
90
90
87
70
70
70
70
65
70
70
70
70
65
50
50
50
50
48
50
50
50
50
48
40
40
40
40
38
40
40
40
40
37
30
30
30
30
29
30
30
30
30
29
30
30
30
30
29
30
30
30
30
29
30
30
30
30
27
25
25
25
25
24
25
25
25
25
24
25
25
25
25
24
25
25
25
25
24
25
25
25
25
23
20
20
20
20
19
20
20
20
20
19
20
20
20
20
19
20
20
20
20
19
20
20
20
20
19
20
20
20
20
19
20
20
20
20
19
20
20
20
20
19
20
20
20
20
19
20
20
20
20
19
20
20
20
20
20
20
20
20
20
20
20
20
20
20
20
20
20
20
20
20
20
20
20
20
20
20
20
20
20
20
20
20
20
20
20
20
20
20
20
20
20
20
20
20
20
20
20
20
20
20
20
20
20
20
20
20
20
20
20
20
20
20
20
20
20
20
20
20
20
20
20
20
20
20
20
20
20
20
20
20
20
20
20
20
20
20
20
20
20
20
20
20
20
20
20
20
20
20
20
20
20
20
20
20
20
20
20
20
20
20
20
20
20
20
20
20
20
20
20
20
20
20
20
20
20
20
20
20
20
20
20
20
20
20
20
20
20
20
20
20
20
20
20
20
20
20
20
20
20
20
20
20
20
20
20
20
20
20
20
20
20
20
20
20
20
20
20
20
20
20
20
20
20
20
20
20
20
20
20
20
20
20
20
20
20
20
20
20
20
20
20
20
20
20
20
20
20
20
20
20
20