;무기
;단검
127
148
169
;한손검
505
526
547
568
589
;양손검
925
946
967
988
1009
;도끼
1345
1366
1387
1408
1429
;둔기
1765
1786
1807
1828
1849
;창
2185
2206
2227
2248
2269
;지팡이
2605
2626
2647
2668
2689
;단궁
3025
3046
3067
3088
3109
;장궁
3445
3466
3487
3508
3529
;방어구
;검사셔츠
4243
4294
4285
4306
4327
;궁사셔츠
4558
4579
4600
4621
4642
;마법사로브
4873
4894
4915
4936
4957
;검사건들렛
5251
5272
5293
5314
5335
;궁사장갑
5566
5587
5608
5629
5650
;마법사장갑
5881
5902
5923
5944
5965
;검사바지
6259
6280
6301
6322
6343
;궁수바지
6574
6595
6616
6637
6658
;마법사팬츠
6889
6910
6931
6952
6973
;검사슈즈
7267
7288
7309
7330
7351
;궁수슈즈
7585
7603
7624
7645
7666
;마법사부츠
7897
7918
7939
7960
7981
;방패
8212
8233
8254
8275
8296
; 인첸트
10193
10194