;몹번호	한글이름	영문이름	레벨	생명력	마나	최소공격력	최대공격력	방어력	최소마법력	최대마법력	마법방어력	경험치	최대실드	전리확률	전리 Lv 제한	보너스 경험치	공격거리	방어범위	원호범위	이동범위	공격성향	원호성향	공격 방법	대기 딜레이	이동속도	추적 속도	공격속도	리셋 시간	최소 개체수	몬스터 속성	최소 턴	최대 턴	특수 공격 종류	특수 공격 레벨	생성 Effect 종류	죽음 Effect 종류	몬스터공격속성
1	L1.비홀더	L1.비홀더	1	16	5	5	8	0	0	0	3	32	60	40	11	0	2	2	0	0	2	0	0	0	0	1	0	30	30	0	0	0	0	0	0	0	0
201	L2.비홀더	L2.비홀더	2	18	10	8	14	0	0	0	4	40	64	40	12	0	2	2	0	0	2	0	0	0	0	1	0	30	30	0	0	0	0	0	0	0	0
301	L3.비홀더	L3.비홀더	3	20	11	9	16	0	0	0	5	48	68	41	13	0	2	2	0	0	2	0	0	0	0	1	0	30	30	0	0	0	0	0	0	0	0
401	L4.비홀더	L4.비홀더	4	22	13	10	18	0	0	0	6	57	72	42	14	0	2	2	0	0	2	0	0	0	0	1	0	30	30	0	0	0	0	0	0	0	0
501	L5.비홀더	L5.비홀더	5	25	15	11	20	0	0	0	7	65	76	43	15	0	2	2	0	0	2	0	0	0	0	1	0	30	30	0	0	0	0	0	0	0	0
601	B.비홀더	B.비홀더	15	50	30	22	40	0	0	0	12	128	120	100	15	0	2	2	0	0	2	0	0	0	0	2	0	90	1	0	0	0	0	0	0	0	0
2	L6.카니발렛	L6.카니발렛	6	28	10	10	13	0	0	0	8	72	108	40	16	0	2	2	0	0	2	0	0	0	0	1	0	30	30	0	0	0	0	0	0	0	0
202	L7.카니발렛	L7.카니발렛	7	31	11	11	15	0	0	0	9	80	120	40	17	0	2	2	0	0	2	0	0	0	0	1	0	30	30	0	0	0	0	0	0	0	0
302	L8.카니발렛	L8.카니발렛	8	34	12	12	17	0	0	0	10	88	132	40	18	0	2	2	0	0	2	0	0	0	0	1	0	30	30	0	0	0	0	0	0	0	0
402	L9.카니발렛	L9.카니발렛	9	38	14	14	19	0	0	0	11	96	144	40	19	0	2	2	0	0	2	0	0	0	0	1	0	30	30	0	0	0	0	0	0	0	0
502	L10.카니발렛	L10.카니발렛	10	42	16	16	21	0	0	0	12	112	160	40	20	0	2	2	0	0	2	0	0	0	0	1	0	30	30	0	0	0	0	0	0	0	0
602	B.카니발렛	B.카니발렛	20	84	32	32	42	0	0	0	24	224	320	100	20	0	4	4	0	0	4	0	0	0	0	2	0	90	1	0	0	0	0	0	0	0	0
3	L11.해츨링	L11.해츨링	11	45	16	0	0	3	17	27	14	144	180	40	21	4	8	8	5	0	4	2	0	0	0	1	0	40	30	0	0	0	0	0	0	0	1
203	L12.해츨링	L12.해츨링	12	49	18	0	0	4	19	30	16	160	196	40	22	4	8	8	5	0	4	2	0	0	0	1	0	40	30	0	0	0	0	0	0	0	1
303	L13.해츨링	L13.해츨링	13	53	20	0	0	5	21	33	18	176	212	40	23	5	8	8	5	0	4	2	0	0	0	1	0	40	30	0	0	0	0	0	0	0	1
403	L14.해츨링	L14.해츨링	14	58	22	0	0	6	23	36	20	192	232	40	24	5	8	8	5	0	4	2	0	0	0	1	0	40	30	0	0	0	0	0	0	0	1
503	L15.해츨링	L15.해츨링	15	63	24	0	0	7	25	39	22	208	252	40	25	6	8	8	5	0	4	2	0	0	0	1	0	40	30	0	0	0	0	0	0	0	1
603	B.해츨링	B.해츨링	25	126	48	0	0	14	50	78	44	416	504	100	25	21	8	8	5	0	4	2	0	0	0	1	0	90	1	0	0	0	0	0	0	0	1
4	L16.좀비독	L16.좀비독	16	71	23	29	36	4	0	0	9	240	276	40	26	0	2	8	5	0	2	2	0	0	0	1	1	40	30	0	0	0	0	0	0	0	0
204	L17.좀비독	L17.좀비독	17	76	25	32	39	5	0	0	10	164	296	40	27	0	2	8	5	0	2	2	0	0	0	1	1	40	30	0	0	0	0	0	0	0	0
304	L18.좀비독	L18.좀비독	18	82	27	35	42	6	0	0	11	288	320	40	28	0	2	8	5	0	2	2	0	0	0	1	1	40	30	0	0	0	0	0	0	0	0
404	L19.좀비독	L19.좀비독	19	88	29	38	45	7	0	0	12	312	344	40	29	0	2	8	5	0	2	2	0	0	0	1	1	40	30	0	0	0	0	0	0	0	0
504	L20.좀비독	L20.좀비독	20	95	32	41	49	8	0	0	13	336	372	40	30	0	2	8	5	0	2	2	0	0	0	1	1	40	30	0	0	0	0	0	0	0	0
604	B.좀비독	B.좀비독	30	190	64	82	98	16	0	0	26	435	744	100	30	0	2	8	5	0	2	2	0	0	0	1	1	90	1	0	0	0	0	0	0	0	0
5	L21.이블독	L21.이블독	21	112	35	44	54	5	0	0	14	192	428	40	31	0	2	8	5	0	4	30	0	0	0	1	1	40	30	0	0	0	0	0	0	0	0
205	L22.이블독	L22.이블독	22	119	38	47	58	6	0	0	15	204	456	43	32	0	2	8	5	0	4	30	0	0	0	1	1	40	30	0	0	0	0	0	0	0	0
305	L23.이블독	L23.이블독	23	127	41	50	62	7	0	0	16	220	484	46	33	0	2	8	5	0	4	30	0	0	0	1	1	40	30	0	0	0	0	0	0	0	0
405	L24.이블독	L24.이블독	24	135	44	53	66	8	0	0	17	236	516	49	34	0	2	8	5	0	4	30	0	0	0	1	1	40	30	0	0	0	0	0	0	0	0
505	L25.이블독	L25.이블독	25	144	47	57	70	9	0	0	19	252	548	52	35	0	2	8	5	0	4	30	0	0	0	1	1	40	30	0	0	0	0	0	0	0	0
605	B.이블독	B.이블독	35	288	94	114	140	18	0	0	38	504	1096	100	35	0	2	8	5	0	4	30	0	0	0	1	1	90	1	0	0	0	0	0	0	0	0
6	L26.고블린	L26.고블린	26	164	49	63	77	8	0	0	20	284	596	40	36	0	2	8	0	0	2	0	0	0	0	1	0	40	30	0	0	0	0	0	0	0	0
206	L27.고블린	L27.고블린	27	173	52	67	81	9	0	0	21	300	628	40	37	0	2	8	0	0	2	0	0	0	0	1	0	40	30	0	0	0	0	0	0	0	0
306	L28.고블린	L28.고블린	28	182	55	71	86	10	0	0	23	316	660	40	38	0	2	8	0	0	2	0	0	0	0	1	0	40	30	0	0	0	0	0	0	0	0
406	L29.고블린	L29.고블린	29	192	58	75	91	11	0	0	25	332	696	40	39	0	2	8	0	0	2	0	0	0	0	1	0	40	30	0	0	0	0	0	0	0	0
506	L30.고블린	L30.고블린	30	202	61	79	96	12	0	0	27	352	732	40	40	0	2	8	0	0	2	0	0	0	0	1	0	40	30	0	0	0	0	0	0	0	0
606	B.고블린	B.고블린	40	404	122	158	192	24	0	0	54	704	1464	100	40	0	2	8	0	0	2	0	0	0	0	1	0	90	1	0	0	0	0	0	0	0	0
7	L31.고블린랜서	L31.고블린랜서	31	224	68	87	103	11	0	0	27	448	864	40	41	0	3	8	5	0	4	2	0	0	0	1	1	50	30	0	0	0	0	0	0	0	0
207	L32.고블린랜서	L32.고블린랜서	32	233	71	91	108	12	0	0	29	468	900	40	42	0	3	8	5	0	4	2	0	0	0	1	1	50	30	0	0	0	0	0	0	0	0
307	L33.고블린랜서	L33.고블린랜서	33	243	74	95	113	13	0	0	31	488	936	40	43	0	3	8	5	0	4	2	0	0	0	1	1	50	30	0	0	0	0	0	0	0	0
407	L34.고블린랜서	L34.고블린랜서	34	253	77	99	118	14	0	0	33	508	976	40	44	0	3	8	5	0	4	2	0	0	0	1	1	50	30	0	0	0	0	0	0	0	0
507	L35.고블린랜서	L35.고블린랜서	35	264	81	103	123	15	0	0	35	532	1016	40	45	0	3	8	5	0	4	2	0	0	0	1	1	50	30	0	0	0	0	0	0	0	0
607	B.고블린랜서	B.고블린랜서	45	528	162	206	246	30	0	0	70	1064	2032	100	45	0	3	8	5	0	4	2	0	0	0	1	1	120	1	0	0	0	0	0	0	0	0
8	L36.킹비홀더	L36.킹비홀더	36	293	88	114	137	16	0	0	35	592	1140	40	46	0	2	10	8	0	4	2	0	0	0	1	0	50	30	0	0	0	0	0	0	0	0
208	L37.킹비홀더	L37.킹비홀더	37	302	91	118	142	17	0	0	37	612	1176	40	47	0	2	10	8	0	4	2	0	0	0	1	0	50	30	0	0	0	0	0	0	0	0
308	L38.킹비홀더	L38.킹비홀더	38	312	94	122	147	18	0	0	39	632	1212	40	48	0	2	10	8	0	4	2	0	0	0	1	0	50	30	0	0	0	0	0	0	0	0
408	L39.킹비홀더	L39.킹비홀더	39	322	97	126	152	19	0	0	41	652	1252	40	49	0	2	10	8	0	4	2	0	0	0	1	0	50	30	0	0	0	0	0	0	0	0
508	L40.킹비홀더	L40.킹비홀더	40	332	100	130	157	20	0	0	43	672	1292	40	50	0	2	10	8	0	4	2	0	0	0	1	0	50	30	0	0	0	0	0	0	0	0
608	B.킹비홀더	B.킹비홀더	50	664	200	260	314	40	0	0	86	1344	2584	100	50	0	2	10	8	0	4	2	0	0	0	1	0	300	1	0	0	0	0	0	0	0	0
9	L41.오크	L41.오크	41	408	122	139	167	22	0	0	45	752	1392	40	51	0	2	2	0	0	2	0	0	0	0	1	0	50	30	0	0	0	0	0	0	0	0
209	L42.오크	L42.오크	42	417	125	142	171	23	0	0	46	768	1420	40	52	0	2	2	0	0	2	0	0	0	0	1	0	50	30	0	0	0	0	0	0	0	0
309	L43.오크	L43.오크	43	426	128	145	175	24	0	0	47	784	1452	40	53	0	2	2	0	0	2	0	0	0	0	1	0	50	30	0	0	0	0	0	0	0	0
409	L44.오크	L44.오크	44	435	131	148	179	25	0	0	48	800	1484	40	54	0	2	2	0	0	2	0	0	0	0	1	0	50	30	0	0	0	0	0	0	0	0
509	L45.오크	L45.오크	45	444	134	151	183	26	0	0	49	816	1516	40	55	0	2	2	0	0	2	0	0	0	0	1	0	50	30	0	0	0	0	0	0	0	0
609	B.오크	B.오크	55	888	268	302	366	52	0	0	98	1632	3032	100	55	0	2	2	0	0	2	0	0	0	0	1	0	120	1	0	0	0	0	0	0	0	0
10	L46.오크아처	L46.오크아처	46	481	158	163	191	26	0	0	53	888	1708	39	56	0	8	12	8	0	4	2	0	0	0	1	0	50	30	0	0	0	0	0	0	0	0
210	L47.오크아처	L47.오크아처	47	486	160	165	193	27	0	0	54	900	1728	39	57	0	8	12	8	0	4	2	0	0	0	1	0	50	30	0	0	0	0	0	0	0	0
310	L48.오크아처	L48.오크아처	48	491	162	167	195	28	0	0	55	912	1748	39	58	0	8	12	8	0	4	2	0	0	0	1	0	50	30	0	0	0	0	0	0	0	0
410	L49.오크아처	L49.오크아처	49	496	164	169	197	29	0	0	56	924	1768	39	59	0	8	12	8	0	4	2	0	0	0	1	0	50	30	0	0	0	0	0	0	0	0
510	L50.오크아처	L50.오크아처	50	501	166	171	199	30	0	0	57	936	1788	39	60	0	8	12	8	0	4	2	0	0	0	1	0	50	30	0	0	0	0	0	0	0	0
610	B.오크아처	B.오크아처	60	1002	332	342	398	60	0	0	114	1872	3576	100	60	0	8	12	8	0	4	2	0	0	0	1	0	120	1	0	0	0	0	0	0	0	0
11	L51.홉고블린	L51.홉고블린	51	657	193	176	214	34	0	0	58	1016	1868	39	61	0	2	8	8	0	4	2	0	0	0	1	1	50	30	0	0	0	0	0	0	0	0
211	L52.홉고블린	L52.홉고블린	52	664	195	178	217	35	0	0	59	1028	1888	39	62	0	2	8	8	0	4	2	0	0	0	1	1	50	30	0	0	0	0	0	0	0	0
311	L53.홉고블린	L53.홉고블린	53	671	197	180	220	36	0	0	60	1040	1908	39	63	0	2	8	8	0	4	2	0	0	0	1	1	50	30	0	0	0	0	0	0	0	0
411	L54.홉고블린	L54.홉고블린	54	678	199	182	223	37	0	0	61	1052	1928	39	64	0	2	8	8	0	4	2	0	0	0	1	1	50	30	0	0	0	0	0	0	0	0
511	L55.홉고블린	L55.홉고블린	55	685	201	184	226	38	0	0	62	1064	1948	39	65	0	2	8	8	0	4	2	0	0	0	1	1	50	30	0	0	0	0	0	0	0	0
611	B.홉고블린	B.홉고블린	65	1370	402	368	452	76	0	0	124	2128	3896	89	65	0	2	8	8	0	4	2	0	0	0	1	1	120	1	0	0	0	0	0	0	0	0
12	L61.좀비	L61.좀비	61	919	268	202	240	36	0	0	68	1316	2244	39	71	0	2	2	5	0	2	30	0	0	0	1	1	50	30	0	0	0	0	0	0	0	0
212	L62.좀비	L62.좀비	62	929	271	205	243	37	0	0	69	1332	2268	39	72	0	2	2	5	0	2	30	0	0	0	1	1	50	30	0	0	0	0	0	0	0	0
312	L63.좀비	L63.좀비	63	939	274	208	246	38	0	0	70	1348	2292	39	73	0	2	2	5	0	2	30	0	0	0	1	1	50	30	0	0	0	0	0	0	0	0
412	L64.좀비	L64.좀비	64	949	277	211	249	39	0	0	71	1364	2316	39	74	0	2	2	5	0	2	30	0	0	0	1	1	50	30	0	0	0	0	0	0	0	0
512	L65.좀비	L65.좀비	65	959	280	214	252	40	0	0	72	1380	2340	39	75	0	2	2	5	0	2	30	0	0	0	1	1	50	30	0	0	0	0	0	0	0	0
612	B.좀비	B.좀비	70	1918	560	428	504	80	0	0	144	2760	4680	100	75	0	2	2	5	0	2	30	0	0	0	1	1	120	1	0	0	0	0	0	0	0	0
13	L66.웨어울프	L66.웨어울프	66	930	271	215	255	37	0	0	79	1500	2580	39	76	0	2	8	8	0	4	2	0	0	0	1	2	50	30	0	0	0	0	0	0	0	0
213	L67.웨어울프	L67.웨어울프	67	940	274	218	258	38	0	0	80	1516	2608	39	77	0	2	8	8	0	4	2	0	0	0	1	2	50	30	0	0	0	0	0	0	0	0
313	L68.웨어울프	L68.웨어울프	68	950	277	221	261	39	0	0	81	1532	2636	39	78	0	2	8	8	0	4	2	0	0	0	1	2	50	30	0	0	0	0	0	0	0	0
413	L69.웨어울프	L69.웨어울프	69	960	280	224	264	40	0	0	82	1548	2664	39	79	0	2	8	8	0	4	2	0	0	0	1	2	50	30	0	0	0	0	0	0	0	0
513	L70.웨어울프	L70.웨어울프	70	970	283	227	267	41	0	0	83	1564	2692	39	80	0	2	8	8	0	4	2	0	0	0	1	2	50	30	0	0	0	0	0	0	0	0
613	B.웨어울프	B.웨어울프	75	1940	566	454	534	82	0	0	166	3128	5384	100	80	0	2	8	8	0	4	2	0	0	0	1	2	120	1	0	0	0	0	0	0	0	0
14	L71.스켈레톤	L71.스켈레톤	71	1084	315	233	280	42	0	0	89	1740	2892	39	81	0	2	2	5	0	2	30	0	0	0	1	1	50	30	0	0	0	0	0	0	0	0
214	L72.스켈레톤	L72.스켈레톤	72	1095	319	236	283	43	0	0	90	1760	2924	39	82	0	2	2	5	0	2	30	0	0	0	1	1	50	30	0	0	0	0	0	0	0	0
314	L73.스켈레톤	L73.스켈레톤	73	1106	323	239	286	44	0	0	91	1780	2956	39	83	0	2	2	5	0	2	30	0	0	0	1	1	50	30	0	0	0	0	0	0	0	0
414	L74.스켈레톤	L74.스켈레톤	74	1118	327	242	289	45	0	0	92	1800	2988	39	84	0	2	2	5	0	2	30	0	0	0	1	1	50	30	0	0	0	0	0	0	0	0
514	L75.스켈레톤	L75.스켈레톤	75	1130	331	245	292	46	0	0	93	1820	3020	39	85	0	2	2	5	0	2	30	0	0	0	1	1	50	30	0	0	0	0	0	0	0	0
614	B.스켈레톤	B.스켈레톤	80	2260	662	490	584	92	0	0	186	3640	6040	100	85	0	2	2	5	0	2	30	0	0	0	1	1	120	1	0	0	0	0	0	0	0	0
15	L76.스톤골렘	L76.스톤골렘	76	1149	367	256	306	44	0	0	110	2060	3280	39	86	0	2	2	0	0	4	0	0	0	0	1	0	50	30	0	0	0	0	0	0	0	0
215	L77.스톤골렘	L77.스톤골렘	77	1161	371	259	310	45	0	0	112	2084	3316	39	87	0	2	2	0	0	4	0	0	0	0	1	0	50	30	0	0	0	0	0	0	0	0
315	L78.스톤골렘	L78.스톤골렘	78	1173	375	262	314	46	0	0	114	2108	3352	39	88	0	2	2	0	0	4	0	0	0	0	1	0	50	30	0	0	0	0	0	0	0	0
415	L79.스톤골렘	L79.스톤골렘	79	1185	379	265	318	47	0	0	116	2132	3388	39	89	0	2	2	0	0	4	0	0	0	0	1	0	50	30	0	0	0	0	0	0	0	0
515	L80.스톤골렘	L80.스톤골렘	80	1197	383	268	322	48	0	0	118	2156	3424	39	90	0	2	2	0	0	4	0	0	0	0	1	0	50	30	0	0	0	0	0	0	0	0
615	B.스톤골렘	B.스톤골렘	85	2394	766	536	644	96	0	0	236	4312	6848	100	90	0	2	2	0	0	4	0	0	0	0	1	0	120	1	0	0	0	0	0	0	0	0
16	L81.스켈레톤랜서	L81.스켈레톤랜서	81	1379	399	270	320	47	0	0	128	2396	3708	39	91	0	3	10	8	0	4	30	0	0	0	1	1	50	30	0	0	0	0	0	0	0	0
216	L82.스켈레톤랜서	L82.스켈레톤랜서	82	1393	403	273	324	48	0	0	130	2420	3748	39	92	0	3	10	8	0	4	30	0	0	0	1	1	50	30	0	0	0	0	0	0	0	0
316	L83.스켈레톤랜서	L83.스켈레톤랜서	83	1407	408	276	328	49	0	0	132	2448	3788	39	93	0	3	10	8	0	4	30	0	0	0	1	1	50	30	0	0	0	0	0	0	0	0
416	L84.스켈레톤랜서	L84.스켈레톤랜서	84	1422	413	279	332	50	0	0	134	2476	3828	39	94	0	3	10	8	0	4	30	0	0	0	1	1	50	30	0	0	0	0	0	0	0	0
516	L85.스켈레톤랜서	L85.스켈레톤랜서	85	1437	418	282	336	51	0	0	136	2504	3868	39	95	0	3	10	8	0	4	30	0	0	0	1	1	50	30	0	0	0	0	0	0	0	0
616	B.스켈레톤랜서	B.스켈레톤랜서	90	2874	836	564	672	102	0	0	272	4451	7736	100	95	0	3	10	8	0	4	30	0	0	0	1	1	120	1	0	0	0	0	0	0	0	0
17	L56.피라니아	L56.피라니아	56	577	721	189	238	31	0	0	62	1148	2028	39	66	0	2	8	5	0	4	2	0	0	0	1	1	50	30	0	0	0	0	0	0	0	0
217	L57.피라니아	L57.피라니아	57	583	729	191	241	32	0	0	63	1160	2052	39	67	0	2	8	5	0	4	2	0	0	0	1	1	50	30	0	0	0	0	0	0	0	0
317	L58.피라니아	L58.피라니아	58	589	737	193	244	33	0	0	64	1172	2076	39	68	0	2	8	5	0	4	2	0	0	0	1	1	50	30	0	0	0	0	0	0	0	0
417	L59.피라니아	L59.피라니아	59	595	745	195	247	34	0	0	65	1184	2100	39	69	0	2	8	5	0	4	2	0	0	0	1	1	50	30	0	0	0	0	0	0	0	0
517	L60.피라니아	L60.피라니아	60	601	753	197	250	35	0	0	66	1196	2124	39	70	0	2	8	5	0	4	2	0	0	0	1	1	50	30	0	0	0	0	0	0	0	0
617	B.피라니아	B.피라니아	95	1202	1506	394	500	70	0	0	132	4891	4248	100	70	0	2	8	5	0	4	2	0	0	0	1	1	120	1	0	0	0	0	0	0	0	0
18	L86.스켈레톤리더	L86.스켈레톤리더	86	1144	1557	284	342	50	0	0	115	2744	4352	38	96	0	3	10	8	0	4	30	0	0	0	1	2	50	30	0	0	0	0	0	0	0	0
218	L87.스켈레톤리더	L87.스켈레톤리더	87	1156	1573	287	346	51	0	0	117	2772	4396	38	97	0	3	10	8	0	4	30	0	0	0	1	2	50	30	0	0	0	0	0	0	0	0
318	L88.스켈레톤리더	L88.스켈레톤리더	88	1168	1589	290	350	52	0	0	119	2800	4440	38	98	0	3	10	8	0	4	30	0	0	0	1	2	50	30	0	0	0	0	0	0	0	0
418	L89.스켈레톤리더	L89.스켈레톤리더	89	1180	1605	293	354	53	0	0	121	2828	4488	38	99	0	3	10	8	0	4	30	0	0	0	1	2	50	30	0	0	0	0	0	0	0	0
518	L90.스켈레톤리더	L90.스켈레톤리더	90	1192	1622	296	358	54	0	0	123	2860	4536	38	100	0	3	10	8	0	4	30	0	0	0	1	2	50	30	0	0	0	0	0	0	0	0
618	B.스켈레톤리더	B.스켈레톤리더	100	2384	3244	592	716	108	0	0	246	6320	9072	100	100	0	3	10	8	0	2	30	0	0	0	1	2	120	1	0	0	0	0	0	0	0	0
19	L91.마그마골렘	L91.마그마골렘	91	1452	419	301	360	53	0	0	131	3140	5024	38	101	0	2	10	0	0	4	0	0	0	0	1	0	50	30	0	0	0	0	0	0	0	0
219	L92.마그마골렘	L92.마그마골렘	92	1466	423	304	364	54	0	0	133	3172	5072	38	102	0	2	10	0	0	4	0	0	0	0	1	0	50	30	0	0	0	0	0	0	0	0
319	L93.마그마골렘	L93.마그마골렘	93	1480	427	307	368	55	0	0	135	3204	5120	38	103	0	2	10	0	0	4	0	0	0	0	1	0	50	30	0	0	0	0	0	0	0	0
419	L94.마그마골렘	L94.마그마골렘	94	1494	431	310	372	56	0	0	137	3236	5168	38	104	0	2	10	0	0	4	0	0	0	0	1	0	50	30	0	0	0	0	0	0	0	0
519	L95.마그마골렘	L95.마그마골렘	95	1508	435	313	376	57	0	0	139	3268	5216	38	105	0	2	10	0	0	4	0	0	0	0	1	0	50	30	0	0	0	0	0	0	0	0
619	B.마그마골렘	B.마그마골렘	105	3016	870	626	752	114	0	0	278	6536	10432	100	105	0	2	10	0	0	2	0	0	0	0	1	0	120	1	0	0	0	0	0	0	0	0
20	L96.아이스골렘	L96.아이스골렘	96	1477	426	317	375	57	0	0	132	3588	5600	38	106	0	2	5	0	0	4	0	0	0	0	1	0	50	30	0	0	0	0	0	0	0	0
220	L97.아이스골렘	L97.아이스골렘	97	1491	430	320	379	58	0	0	134	3624	5652	38	107	0	2	5	0	0	4	0	0	0	0	1	0	50	30	0	0	0	0	0	0	0	0
320	L98.아이스골렘	L98.아이스골렘	98	1505	434	323	383	59	0	0	136	3660	5704	38	108	0	2	5	0	0	4	0	0	0	0	1	0	50	30	0	0	0	0	0	0	0	0
420	L99.아이스골렘	L99.아이스골렘	99	1519	438	326	387	60	0	0	138	3696	5756	38	109	0	2	5	0	0	4	0	0	0	0	1	0	50	30	0	0	0	0	0	0	0	0
520	L100.아이스골렘	L100.아이스골렘	100	1533	442	329	391	61	0	0	140	3732	5808	38	110	0	2	5	0	0	4	0	0	0	0	1	0	50	30	0	0	0	0	0	0	0	0
620	B.아이스골렘	B.아이스골렘	110	3066	884	658	782	122	0	0	280	7464	11616	100	110	0	2	5	0	0	4	0	0	0	0	1	0	120	1	0	0	0	0	0	0	0	0
21	L101.세티로스	L101.세티로스	101	1668	475	370	427	80	0	0	150	4224	6400	38	111	0	2	12	5	0	4	2	0	0	0	1	0	50	30	0	0	0	0	0	0	0	0
221	L102.세티로스	L102.세티로스	102	1682	479	373	431	81	0	0	152	4260	6460	38	112	0	2	12	5	0	4	2	0	0	0	1	0	50	30	0	0	0	0	0	0	0	0
321	L103.세티로스	L103.세티로스	103	1696	483	376	435	82	0	0	154	4296	6520	38	113	0	2	12	5	0	4	2	0	0	0	1	0	50	30	0	0	0	0	0	0	0	0
421	L104.세티로스	L104.세티로스	104	1710	487	380	439	83	0	0	156	4332	6580	38	114	0	2	12	5	0	4	2	0	0	0	1	0	50	30	0	0	0	0	0	0	0	0
521	L105.세티로스	L105.세티로스	105	1724	491	384	443	84	0	0	158	4368	6640	38	115	0	2	12	5	0	4	2	0	0	0	1	0	50	30	0	0	0	0	0	0	0	0
621	B.세티로스	B.세티로스	115	3448	982	768	886	168	0	0	316	8736	13280	100	115	0	2	12	5	0	4	2	0	0	0	1	0	300	1	0	0	0	0	0	0	0	0
22	L106.오우거	L106.오우거	106	1829	485	391	458	86	0	0	153	4780	7368	38	116	0	2	5	0	0	4	0	0	0	0	1	1	50	30	0	0	0	0	0	0	0	0
222	L107.오우거	L107.오우거	107	1844	489	395	462	87	0	0	155	4820	7436	38	117	0	2	5	0	0	4	0	0	0	0	1	1	50	30	0	0	0	0	0	0	0	0
322	L108.오우거	L108.오우거	108	1859	493	399	466	88	0	0	157	4860	7504	38	118	0	2	5	0	0	4	0	0	0	0	1	1	50	30	0	0	0	0	0	0	0	0
422	L109.오우거	L109.오우거	109	1874	497	403	470	89	0	0	159	4900	7572	38	119	0	2	5	0	0	4	0	0	0	0	1	1	50	30	0	0	0	0	0	0	0	0
522	L110.오우거	L110.오우거	110	1889	501	407	474	90	0	0	161	4940	7644	38	120	0	2	5	0	0	4	0	0	0	0	1	1	50	30	0	0	0	0	0	0	0	0
622	B.오우거	B.오우거	120	3778	1002	814	948	180	0	0	322	9880	15288	100	120	0	2	5	0	0	4	0	0	0	0	1	1	120	1	0	0	0	0	0	0	0	0
23	L111.사이클롭스	L111.사이클롭스	111	1971	491	409	472	90	0	0	156	5660	9284	38	121	0	2	8	8	0	4	2	0	0	0	1	1	50	30	0	0	0	0	0	0	0	0
223	L112.사이클롭스	L112.사이클롭스	112	1985	495	412	476	91	0	0	158	5700	9368	38	122	0	2	8	8	0	4	2	0	0	0	1	1	50	30	0	0	0	0	0	0	0	0
323	L113.사이클롭스	L113.사이클롭스	113	1999	499	415	480	92	0	0	160	5740	9456	38	123	0	2	8	8	0	4	2	0	0	0	1	1	50	30	0	0	0	0	0	0	0	0
423	L114.사이클롭스	L114.사이클롭스	114	2013	503	418	484	93	0	0	162	5784	9544	38	124	0	2	8	8	0	4	2	0	0	0	1	1	50	30	0	0	0	0	0	0	0	0
523	L115.사이클롭스	L115.사이클롭스	115	2028	507	421	488	94	0	0	164	5828	9632	38	125	0	2	8	8	0	4	2	0	0	0	1	1	50	30	0	0	0	0	0	0	0	0
623	B.사이클롭스	B.사이클롭스	125	4056	1014	842	976	188	0	0	328	11650	19264	100	125	0	2	8	8	0	4	2	0	0	0	1	1	120	1	0	0	0	0	0	0	0	0
24	L116.트롤키메라	L116.트롤키메라	116	2101	496	429	502	96	0	0	160	6484	10844	37	126	0	2	10	8	0	4	2	0	0	0	1	1	50	30	0	0	0	0	0	0	0	0
224	L117.트롤키메라	L117.트롤키메라	117	2116	500	433	506	97	0	0	162	6532	10944	37	127	0	2	10	8	0	4	2	0	0	0	1	1	50	30	0	0	0	0	0	0	0	0
324	L118.트롤키메라	L118.트롤키메라	118	2131	504	437	510	98	0	0	164	6580	11044	37	128	0	2	10	8	0	4	2	0	0	0	1	1	50	30	0	0	0	0	0	0	0	0
424	L119.트롤키메라	L119.트롤키메라	119	2146	508	441	514	99	0	0	166	6628	11144	37	129	0	2	10	8	0	4	2	0	0	0	1	1	50	30	0	0	0	0	0	0	0	0
524	L120.트롤키메라	L120.트롤키메라	120	2162	512	445	518	100	0	0	168	6676	11248	37	130	0	2	10	8	0	4	2	0	0	0	1	1	50	30	0	0	0	0	0	0	0	0
624	B.트롤키메라	B.트롤키메라	130	4324	1024	890	1036	200	0	0	336	13760	22496	100	130	0	2	10	8	0	4	2	0	0	0	1	1	120	1	0	0	0	0	0	0	0	0
25	L121.아이스나이츠	L121.아이스나이츠	121	2220	499	0	0	100	435	470	224	7528	12052	37	131	82	8	10	5	0	2	2	0	0	0	1	1	50	30	0	0	0	0	0	0	0	1
225	L122.아이스나이츠	L122.아이스나이츠	122	2234	502	0	0	101	438	473	226	7576	12128	37	132	83	8	10	5	0	2	2	0	0	0	1	1	50	30	0	0	0	0	0	0	0	1
325	L123.아이스나이츠	L123.아이스나이츠	123	2248	506	0	0	102	441	476	228	7624	12204	37	133	84	8	10	5	0	2	2	0	0	0	1	1	50	30	0	0	0	0	0	0	0	1
425	L124.아이스나이츠	L124.아이스나이츠	124	2262	510	0	0	103	444	479	230	7672	12280	37	134	85	8	10	5	0	2	2	0	0	0	1	1	50	30	0	0	0	0	0	0	0	1
525	L125.아이스나이츠	L125.아이스나이츠	125	2276	514	0	0	104	447	482	232	7720	12356	37	135	85	8	10	5	0	2	2	0	0	0	1	1	50	30	0	0	0	0	0	0	0	1
625	B.아이스나이츠	B.아이스나이츠	135	4552	1028	0	0	208	894	964	464	14580	24712	100	135	171	8	10	5	0	2	2	0	0	0	1	1	120	1	0	0	0	0	0	0	0	1
26	L126.아이스나이츠리더	L126.아이스나이츠리더	126	2132	2715	0	0	115	507	555	261	8660	13288	37	136	90	8	10	8	0	4	2	0	0	0	1	2	50	30	0	0	0	0	0	0	0	1
226	L127.아이스나이츠리더	L127.아이스나이츠리더	127	2145	2732	0	0	116	511	559	263	8712	13368	37	137	91	8	10	8	0	4	2	0	0	0	1	2	50	30	0	0	0	0	0	0	0	1
326	L128.아이스나이츠리더	L128.아이스나이츠리더	128	2158	2749	0	0	117	515	563	265	8768	13452	37	138	92	8	10	8	0	4	2	0	0	0	1	2	50	30	0	0	0	0	0	0	0	1
426	L129.아이스나이츠리더	L129.아이스나이츠리더	129	2171	2766	0	0	118	519	567	267	8824	13536	37	139	93	8	10	8	0	4	2	0	0	0	1	2	50	30	0	0	0	0	0	0	0	1
526	L130.아이스나이츠리더	L130.아이스나이츠리더	130	2185	2783	0	0	119	523	571	269	8880	13620	37	140	94	8	10	8	0	4	2	0	0	0	1	2	50	30	0	0	0	0	0	0	0	1
626	B.아이스나이츠리더	B.아이스나이츠리더	140	4370	5566	0	0	238	1046	1142	538	27760	27240	100	140	187	8	10	8	0	4	2	0	0	0	1	2	120	1	0	0	0	0	0	0	0	1
27	L131.하피	L131.하피	131	2615	523	498	572	118	0	0	177	10064	14400	37	141	0	3	10	10	0	4	2	0	0	0	1	2	50	30	0	0	0	0	0	0	0	0
227	L132.하피	L132.하피	132	2629	526	501	575	119	0	0	178	10116	14472	37	142	0	3	10	10	0	4	2	0	0	0	1	2	50	30	0	0	0	0	0	0	0	0
327	L133.하피	L133.하피	133	2643	529	504	578	120	0	0	179	10168	14548	37	143	0	3	10	10	0	4	2	0	0	0	1	2	50	30	0	0	0	0	0	0	0	0
427	L134.하피	L134.하피	134	2657	532	507	581	121	0	0	180	10220	14624	37	144	0	3	10	10	0	4	2	0	0	0	1	2	50	30	0	0	0	0	0	0	0	0
527	L135.하피	L135.하피	135	2671	535	510	584	122	0	0	181	10272	14700	37	145	0	3	10	10	0	4	2	0	0	0	1	2	50	30	0	0	0	0	0	0	0	0
627	B.하피	B.하피	145	5342	1070	1020	1168	244	0	0	362	29450	29400	100	145	0	3	10	10	0	4	2	0	0	0	1	2	120	1	0	0	0	0	0	0	0	0
28	L136.서큐버스	L136.서큐버스	136	2768	523	0	0	124	531	553	243	11248	16048	37	146	107	3	10	10	0	4	2	0	0	0	1	2	50	30	0	0	0	0	0	0	0	1
228	L137.서큐버스	L137.서큐버스	137	2782	526	0	0	125	534	556	245	11308	16132	37	147	108	3	10	10	0	4	2	0	0	0	0	0	50	30	0	0	0	0	0	0	0	1
328	L138.서큐버스	L138.서큐버스	138	2796	529	0	0	126	537	559	247	11368	16216	37	148	109	3	10	10	0	4	2	0	0	0	0	0	50	30	0	0	0	0	0	0	0	1
428	L139.서큐버스	L139.서큐버스	139	2810	532	0	0	127	540	562	249	11428	16300	37	149	110	3	10	10	0	4	2	0	0	0	0	0	50	30	0	0	0	0	0	0	0	1
528	L140.서큐버스	L140.서큐버스	140	2825	535	0	0	128	543	565	251	11488	16384	37	150	111	3	10	10	0	4	2	0	0	0	0	0	50	30	0	0	0	0	0	0	0	1
628	B.서큐버스	B.서큐버스	150	5650	1070	0	0	256	1086	1130	502	30542	32768	100	150	222	3	10	10	0	4	2	0	0	0	0	0	120	1	0	0	0	0	0	0	0	1
29	L151.와이번	L151.와이번	151	3289	590	0	0	151	574	600	268	13768	19316	37	161	183	10	10	10	0	4	2	0	0	0	1	2	50	30	0	0	0	0	0	0	0	1
229	L152.와이번	L152.와이번	152	3299	592	0	0	152	576	602	269	13812	19376	37	162	185	10	10	10	0	4	2	0	0	0	1	2	50	30	0	0	0	0	0	0	0	1
329	L153.와이번	L153.와이번	153	3309	594	0	0	153	578	604	270	13856	19436	37	163	187	10	10	10	0	4	2	0	0	0	1	2	50	30	0	0	0	0	0	0	0	1
429	L154.와이번	L154.와이번	154	3319	596	0	0	154	580	606	271	13900	19496	37	164	188	10	10	10	0	4	2	0	0	0	1	2	50	30	0	0	0	0	0	0	0	1
529	L155.와이번	L155.와이번	155	3329	598	0	0	155	582	608	272	13944	19556	37	165	190	10	10	10	0	4	2	0	0	0	1	2	50	30	0	0	0	0	0	0	0	1
629	B.와이번	B.와이번	160	6658	1196	0	0	310	1164	1216	544	31274	39112	100	165	380	10	10	10	0	4	2	0	0	0	1	2	120	1	0	0	0	0	0	0	0	1
30	구아구아 챔피언	구아구아 챔피언	110	8238	2448	1119	1566	194	0	0	266	131536	64000	100	120	0	5	10	10	0	4	2	0	0	0	1	2	600	4	0	0	0	0	0	0	0	0
31	D152.그레이트뱃	D152.그레이트뱃	196	5775	1898	1067	1124	249	0	0	458	24104	33464	40	206	0	2	8	8	0	4	2	0	0	0	1	1	50	30	0	0	0	0	0	0	0	0
231	D154.그레이트뱃	D154.그레이트뱃	197	5793	1904	1071	1128	250	0	0	460	24180	33568	40	207	0	2	8	8	0	4	2	0	0	0	1	1	50	30	0	0	0	0	0	0	0	0
331	D156.그레이트뱃	D156.그레이트뱃	198	5811	1910	1075	1132	251	0	0	462	24256	33672	40	208	0	2	8	8	0	4	2	0	0	0	1	1	50	30	0	0	0	0	0	0	0	0
431	D158.그레이트뱃	D158.그레이트뱃	199	5829	1916	1079	1136	252	0	0	464	24332	33776	40	209	0	2	8	8	0	4	2	0	0	0	1	1	50	30	0	0	0	0	0	0	0	0
531	D160.그레이트뱃	D160.그레이트뱃	200	5847	1922	1083	1140	253	0	0	466	24408	33880	40	210	0	2	8	8	0	4	2	0	0	0	1	1	50	30	0	0	0	0	0	0	0	0
631	DB.그레이트뱃	DB.그레이트뱃	210	11694	3844	2166	2280	506	0	0	932	108816	67760	89	210	0	2	8	8	0	4	2	0	0	0	1	1	120	1	0	0	0	0	0	0	0	0
32	D162.가고일	D162.가고일	201	4860	1594	0	0	254	1093	1143	414	24872	34536	40	211	248	8	8	6	0	4	2	0	0	0	1	1	50	30	0	0	0	0	0	0	0	1
232	D164.가고일	D164.가고일	202	4875	1599	0	0	255	1097	1147	416	24948	34640	40	212	250	8	8	6	0	4	2	0	0	0	1	1	50	30	0	0	0	0	0	0	0	1
332	D166.가고일	D166.가고일	203	4890	1604	0	0	256	1101	1151	418	25024	34744	40	213	253	8	8	6	0	4	2	0	0	0	1	1	50	30	0	0	0	0	0	0	0	1
432	D168.가고일	D168.가고일	204	4905	1609	0	0	257	1105	1155	420	25100	34852	40	214	255	8	8	6	0	4	2	0	0	0	1	1	50	30	0	0	0	0	0	0	0	1
532	D170.가고일	D170.가고일	205	4920	1614	0	0	258	1109	1159	422	25176	34960	40	215	258	8	8	6	0	4	2	0	0	0	1	1	50	30	0	0	0	0	0	0	0	1
632	DB.가고일	DB.가고일	220	9840	3228	0	0	516	2218	2318	844	143510	69920	89	215	515	8	8	6	0	4	2	0	0	0	1	1	120	1	0	0	0	0	0	0	0	1
33	L176.그레이울프	L176.그레이울프	206	4660	1446	1116	1315	203	0	0	432	25376	35228	40	216	0	2	8	8	0	4	2	0	0	0	1	1	50	30	0	0	0	0	0	0	0	0
233	L177.그레이울프	L177.그레이울프	207	4674	1451	1120	1319	204	0	0	434	25456	35336	40	217	0	2	8	8	0	4	2	0	0	0	1	1	50	30	0	0	0	0	0	0	0	0
333	L178.그레이울프	L178.그레이울프	208	4689	1456	1124	1323	205	0	0	436	25536	35444	40	218	0	2	8	8	0	4	2	0	0	0	1	1	50	30	0	0	0	0	0	0	0	0
433	L179.그레이울프	L179.그레이울프	209	4704	1461	1128	1327	206	0	0	438	25616	35552	40	219	0	2	8	8	0	4	2	0	0	0	1	1	50	30	0	0	0	0	0	0	0	0
533	L180.그레이울프	L180.그레이울프	210	4719	1466	1132	1331	207	0	0	440	25696	35660	40	220	0	2	8	8	0	4	2	0	0	0	1	1	50	30	0	0	0	0	0	0	0	0
633	B.그레이울프	B.그레이울프	225	9438	2932	2264	2662	414	0	0	880	157460	71320	100	220	0	2	8	8	0	4	2	0	0	0	1	1	120	1	0	0	0	0	0	0	0	0
34	L141.자이언트 앤트	L141.자이언트 앤트	141	3015	586	578	664	140	0	0	176	12264	17984	37	151	0	2	8	4	0	4	2	0	0	0	1	1	50	30	0	0	0	0	0	0	0	0
234	L142.자이언트 앤트	L142.자이언트 앤트	142	3028	589	581	667	141	0	0	177	12316	18056	37	152	0	2	8	4	0	4	2	0	0	0	1	1	50	30	0	0	0	0	0	0	0	0
334	L143.자이언트 앤트	L143.자이언트 앤트	143	3041	592	584	670	142	0	0	178	12368	18132	37	153	0	2	8	4	0	4	2	0	0	0	1	1	50	30	0	0	0	0	0	0	0	0
434	L144.자이언트 앤트	L144.자이언트 앤트	144	3054	595	587	673	143	0	0	179	12420	18208	37	154	0	2	8	4	0	4	2	0	0	0	1	1	50	30	0	0	0	0	0	0	0	0
534	L145.자이언트 앤트	L145.자이언트 앤트	145	3067	598	590	676	144	0	0	180	12472	18284	37	155	0	2	8	4	0	4	2	0	0	0	1	1	50	30	0	0	0	0	0	0	0	0
634	B.자이언트 앤트	B.자이언트 앤트	155	6134	1196	1180	1352	288	0	0	360	84944	36568	100	155	0	2	8	4	0	4	2	0	0	0	1	1	120	1	0	0	0	0	0	0	0	0
35	L156.레드터틀	L156.레드터틀	156	3248	598	631	731	147	0	0	178	14056	19708	37	166	0	2	8	6	0	4	2	0	0	0	1	1	50	30	0	0	0	0	0	0	0	0
235	L157.레드터틀	L157.레드터틀	157	3258	600	633	734	148	0	0	179	14100	19768	37	167	0	2	8	6	0	4	2	0	0	0	1	1	50	30	0	0	0	0	0	0	0	0
335	L158.레드터틀	L158.레드터틀	158	3268	602	635	737	149	0	0	180	14144	19828	37	168	0	2	8	6	0	4	2	0	0	0	1	1	50	30	0	0	0	0	0	0	0	0
435	L159.레드터틀	L159.레드터틀	159	3278	604	637	740	150	0	0	181	14188	19888	37	169	0	2	8	6	0	4	2	0	0	0	1	1	50	30	0	0	0	0	0	0	0	0
535	L160.레드터틀	L160.레드터틀	160	3288	606	639	743	151	0	0	182	14232	19948	37	170	0	2	8	6	0	4	2	0	0	0	1	1	50	30	0	0	0	0	0	0	0	0
635	B.레드터틀	B.레드터틀	165	6576	1212	1278	1486	302	0	0	364	88464	39896	100	170	0	2	8	6	0	4	2	0	0	0	1	1	120	1	0	0	0	0	0	0	0	0
36	L146.스웰라	L146.스웰라	146	2407	3008	615	696	143	0	0	191	13424	18852	37	156	0	2	8	7	0	4	2	0	0	0	1	1	50	30	0	0	0	0	0	0	0	0
236	L147.스웰라	L147.스웰라	147	2417	3021	618	699	144	0	0	192	13480	18928	37	157	0	2	8	7	0	4	2	0	0	0	1	1	50	30	0	0	0	0	0	0	0	0
336	L148.스웰라	L148.스웰라	148	2427	3034	621	702	145	0	0	193	13536	19004	37	158	0	2	8	7	0	4	2	0	0	0	1	1	50	30	0	0	0	0	0	0	0	0
436	L149.스웰라	L149.스웰라	149	2437	3047	624	705	146	0	0	194	13592	19084	37	159	0	2	8	7	0	4	2	0	0	0	1	1	50	30	0	0	0	0	0	0	0	0
536	L150.스웰라	L150.스웰라	150	2447	3060	627	708	147	0	0	195	13648	19164	37	160	0	2	8	7	0	4	2	0	0	0	1	1	50	30	0	0	0	0	0	0	0	0
636	B.스웰라	B.스웰라	160	4894	6120	1254	1416	294	0	0	390	87296	38328	100	160	0	2	8	7	0	4	2	0	0	0	1	1	120	1	0	0	0	0	0	0	0	0
37	L166.비어드피쉬	L166.비어드피쉬	166	2931	3386	713	805	166	0	0	207	14624	20480	36	176	0	3	8	10	0	4	2	0	0	0	1	1	50	30	0	0	0	0	0	0	0	0
237	L167.비어드피쉬	L167.비어드피쉬	167	2937	3393	715	807	167	0	0	208	14656	20524	36	177	0	3	8	10	0	4	2	0	0	0	1	1	50	30	0	0	0	0	0	0	0	0
337	L168.비어드피쉬	L168.비어드피쉬	168	2943	3400	717	809	168	0	0	209	14688	20568	36	178	0	3	8	10	0	4	2	0	0	0	1	1	50	30	0	0	0	0	0	0	0	0
437	L169.비어드피쉬	L169.비어드피쉬	169	2949	3407	719	811	169	0	0	210	14720	20612	36	179	0	3	8	10	0	4	2	0	0	0	1	1	50	30	0	0	0	0	0	0	0	0
537	L170.비어드피쉬	L170.비어드피쉬	170	2955	3414	721	813	170	0	0	211	14752	20656	36	180	0	3	8	10	0	4	2	0	0	0	1	1	50	30	0	0	0	0	0	0	0	0
637	B.비어드피쉬	B.비어드피쉬	180	5910	6828	1442	1626	340	0	0	422	92503	41312	100	180	0	3	8	10	0	4	2	0	0	0	1	1	120	1	0	0	0	0	0	0	0	0
38	L171.블루터틀	L171.블루터틀	171	4061	687	748	846	169	0	0	212	14864	20772	36	181	0	2	8	6	0	4	2	0	0	0	1	1	50	30	0	0	0	0	0	0	0	0
238	L172.블루터틀	L172.블루터틀	172	4066	688	749	847	170	0	0	213	14880	20796	36	182	0	2	8	6	0	4	2	0	0	0	1	1	50	30	0	0	0	0	0	0	0	0
338	L173.블루터틀	L173.블루터틀	173	4071	689	750	848	171	0	0	214	14896	20820	36	183	0	2	8	6	0	4	2	0	0	0	1	1	50	30	0	0	0	0	0	0	0	0
438	L174.블루터틀	L174.블루터틀	174	4076	690	751	849	172	0	0	215	14912	20844	36	184	0	2	8	6	0	4	2	0	0	0	1	1	50	30	0	0	0	0	0	0	0	0
538	L175.블루터틀	L175.블루터틀	175	4081	691	752	850	173	0	0	216	14928	20868	36	185	0	2	8	6	0	4	2	0	0	0	1	1	50	30	0	0	0	0	0	0	0	0
638	B.블루터틀	B.블루터틀	185	8162	1382	1504	1700	346	0	0	432	93856	41736	100	185	0	2	8	6	0	4	2	0	0	0	1	1	120	1	0	0	0	0	0	0	0	0
39	L186.트렌트	L186.트렌트	211	6020	1016	1133	1298	209	0	0	274	25644	35588	40	221	0	7	8	9	0	4	2	0	0	0	1	1	50	30	0	0	0	0	0	0	0	0
239	L187.트렌트	L187.트렌트	212	6039	1020	1137	1302	210	0	0	275	25724	35696	40	222	0	7	8	9	0	4	2	0	0	0	1	1	50	30	0	0	0	0	0	0	0	0
339	L188.트렌트	L188.트렌트	213	6058	1024	1141	1306	211	0	0	276	25804	35804	40	223	0	7	8	9	0	4	2	0	0	0	1	1	50	30	0	0	0	0	0	0	0	0
439	L189.트렌트	L189.트렌트	214	6077	1028	1145	1310	212	0	0	277	25884	35912	40	224	0	7	8	9	0	4	2	0	0	0	1	1	50	30	0	0	0	0	0	0	0	0
539	L190.트렌트	L190.트렌트	215	6096	1032	1149	1314	213	0	0	278	25964	36020	40	225	0	7	8	9	0	4	2	0	0	0	1	1	50	30	0	0	0	0	0	0	0	0
639	B.트렌트	B.트렌트	225	12192	2064	2298	2628	426	0	0	556	121928	72040	100	225	0	7	8	9	0	4	2	0	0	0	1	1	120	1	0	0	0	0	0	0	0	0
40	L181.위치	L181.위치	216	9830	1585	0	0	242	1174	1234	440	25916	35948	40	226	307	10	8	10	0	4	2	0	0	0	1	1	120	30	0	0	0	0	0	0	0	1
240	L182.위치	L182.위치	217	9860	1590	0	0	243	1178	1238	442	25996	36056	40	227	310	10	8	10	0	4	2	0	0	0	1	1	120	30	0	0	0	0	0	0	0	1
340	L183.위치	L183.위치	218	9890	1595	0	0	244	1182	1242	444	26076	36168	40	228	313	10	8	10	0	4	2	0	0	0	1	1	120	30	0	0	0	0	0	0	0	1
440	L184.위치	L184.위치	219	9920	1600	0	0	245	1186	1246	446	26156	36280	40	229	316	10	8	10	0	4	2	0	0	0	1	1	120	30	0	0	0	0	0	0	0	1
540	L185.위치	L185.위치	220	9950	1605	0	0	246	1190	1250	448	26236	36392	40	230	319	10	8	10	0	4	2	0	0	0	1	1	120	30	0	0	0	0	0	0	0	1
640	B.위치	B.위치	220	19900	3210	0	0	492	2380	2500	896	162472	72784	100	230	638	10	8	10	0	4	2	0	0	0	1	1	200	1	0	0	0	0	0	0	0	1
41	D182.리치	D182.리치	226	7561	8188	0	0	269	1256	1336	489	26456	36704	40	236	368	10	8	10	0	4	2	0	0	0	1	1	120	30	0	0	0	0	0	0	0	1
241	D184.리치	D184.리치	227	7584	8213	0	0	270	1260	1341	491	26536	36816	40	237	372	10	8	10	0	4	2	0	0	0	1	1	120	30	0	0	0	0	0	0	0	1
341	D186.리치	D186.리치	228	7607	8238	0	0	271	1264	1346	493	26616	36928	40	238	375	10	8	10	0	4	2	0	0	0	1	1	120	30	0	0	0	0	0	0	0	1
441	D188.리치	D188.리치	229	7630	8263	0	0	272	1268	1351	495	26696	37040	40	239	379	10	8	10	0	4	2	0	0	0	1	1	120	30	0	0	0	0	0	0	0	1
541	D190.리치	D190.리치	230	7653	8288	0	0	273	1272	1356	497	26780	37152	40	240	383	10	8	10	0	4	2	0	0	0	1	1	120	30	0	0	0	0	0	0	0	1
641	DB.리치	DB.리치	230	15306	16576	0	0	546	2544	2712	994	183560	74304	100	240	765	10	8	10	0	4	2	0	0	0	1	1	200	1	0	0	0	0	0	0	0	1
42	L260.어스엘리멘탈	L260.어스엘리멘탈	191	6758	798	970	1081	211	0	0	223	15992	22212	36	201	0	3	8	4	0	4	2	0	0	0	1	1	120	30	0	0	0	0	0	0	0	0
242	L270.어스엘리멘탈	L270.어스엘리멘탈	192	6765	799	971	1083	212	0	0	224	16008	22236	36	202	0	3	8	4	0	4	2	0	0	0	1	1	120	30	0	0	0	0	0	0	0	0
342	L280.어스엘리멘탈	L280.어스엘리멘탈	193	6772	800	972	1085	213	0	0	225	16028	22260	36	203	0	3	8	4	0	4	2	0	0	0	1	1	120	30	0	0	0	0	0	0	0	0
442	L290.어스엘리멘탈	L290.어스엘리멘탈	194	6779	801	973	1087	214	0	0	226	16048	22284	36	204	0	3	8	4	0	4	2	0	0	0	1	1	120	30	0	0	0	0	0	0	0	0
542	L300.어스엘리멘탈	L300.어스엘리멘탈	195	6786	802	974	1089	215	0	0	227	16068	22308	36	205	0	3	8	4	0	4	2	0	0	0	1	1	120	30	0	0	0	0	0	0	0	0
642	B.어스엘리멘탈	B.어스엘리멘탈	205	13572	1604	1948	2178	430	0	0	454	152136	44616	100	205	0	3	8	4	0	4	2	0	0	0	1	1	200	1	0	0	0	0	0	0	0	0
43	D172.벤쉬	D172.벤쉬	221	7477	8291	0	0	252	1197	1263	465	26184	36324	40	231	406	8	8	8	0	4	2	0	0	0	1	1	120	30	0	0	0	0	0	0	0	1
243	D174.벤쉬	D174.벤쉬	222	7500	8316	0	0	253	1201	1267	467	26264	36436	40	232	410	8	8	8	0	4	2	0	0	0	1	1	120	30	0	0	0	0	0	0	0	1
343	D176.벤쉬	D176.벤쉬	223	7523	8341	0	0	254	1205	1271	469	26344	36548	40	233	414	8	8	8	0	4	2	0	0	0	1	1	120	30	0	0	0	0	0	0	0	1
443	D178.벤쉬	D178.벤쉬	224	7546	8367	0	0	255	1209	1275	471	26424	36660	40	234	419	8	8	8	0	4	2	0	0	0	1	1	120	30	0	0	0	0	0	0	0	1
543	D180.벤쉬	D180.벤쉬	225	7569	8393	0	0	256	1213	1279	473	26504	36772	40	235	423	8	8	8	0	4	2	0	0	0	1	1	120	30	0	0	0	0	0	0	0	1
643	DB.벤쉬	DB.벤쉬	235	15138	16786	0	0	512	2426	2558	946	176530	73544	100	235	845	8	8	8	0	4	2	0	0	0	1	1	200	1	0	0	0	0	0	0	0	1
44	L161.바포메트	L161.바포메트	161	2315	456	679	781	147	0	0	189	14328	20092	36	171	0	3	8	8	0	4	2	0	0	0	1	1	120	30	0	0	0	0	0	0	0	0
244	L162.바포메트	L162.바포메트	162	2320	457	681	783	148	0	0	190	14360	20136	36	172	0	3	8	8	0	4	2	0	0	0	1	1	120	30	0	0	0	0	0	0	0	0
344	L163.바포메트	L163.바포메트	163	2325	458	683	785	149	0	0	191	14392	20180	36	173	0	3	8	8	0	4	2	0	0	0	1	1	120	30	0	0	0	0	0	0	0	0
444	L164.바포메트	L164.바포메트	164	2330	459	685	787	150	0	0	192	14424	20224	36	174	0	3	8	8	0	4	2	0	0	0	1	1	120	30	0	0	0	0	0	0	0	0
544	L165.바포메트	L165.바포메트	165	2335	460	687	789	151	0	0	193	14456	20268	36	175	0	3	8	8	0	4	2	0	0	0	1	1	120	30	0	0	0	0	0	0	0	0
644	B.바포메트	B.바포메트	175	4670	920	1374	1578	302	0	0	386	91453	40536	100	175	0	3	8	8	0	4	2	0	0	0	1	1	200	1	0	0	0	0	0	0	0	0
45	P310.구울	P310.구울	256	8368	1302	1627	1755	327	0	0	483	42200	39032	40	266	0	3	8	5	0	4	2	0	0	0	1	1	120	30	0	0	0	0	0	0	0	0
245	P320.구울	P320.구울	257	8394	1306	1632	1761	328	0	0	485	42320	39152	40	267	0	3	8	5	0	4	2	0	0	0	1	1	120	30	0	0	0	0	0	0	0	0
345	P330.구울	P330.구울	258	8420	1310	1637	1767	329	0	0	487	42480	39272	40	268	0	3	8	5	0	4	2	0	0	0	1	1	120	30	0	0	0	0	0	0	0	0
445	P340.구울	P340.구울	259	8446	1314	1642	1773	330	0	0	489	42600	39392	40	269	0	3	8	5	0	4	2	0	0	0	1	1	120	30	0	0	0	0	0	0	0	0
545	P350.구울	P350.구울	260	8472	1318	1647	1779	331	0	0	491	42720	39512	40	270	0	3	8	5	0	4	2	0	0	0	1	1	120	30	0	0	0	0	0	0	0	0
645	PB.구울	PB.구울	290	16944	2636	3294	3558	662	0	0	982	205480	79024	100	270	0	3	8	5	0	4	2	0	0	0	1	1	200	1	0	0	0	0	0	0	0	0
46	P196.그리폰	P196.그리폰	241	7192	1174	1379	1479	287	0	0	415	40920	37844	40	251	0	3	8	6	0	4	2	0	0	0	1	1	120	30	0	0	0	0	0	0	0	0
246	P197.그리폰	P197.그리폰	242	7214	1178	1384	1484	288	0	0	417	41040	37960	40	252	0	3	8	6	0	4	2	0	0	0	1	1	120	30	0	0	0	0	0	0	0	0
346	P198.그리폰	P198.그리폰	243	7236	1182	1389	1489	289	0	0	419	41160	38076	40	253	0	3	8	6	0	4	2	0	0	0	1	1	120	30	0	0	0	0	0	0	0	0
446	P199.그리폰	P199.그리폰	244	7258	1186	1394	1494	290	0	0	421	41280	38192	40	254	0	3	8	6	0	4	2	0	0	0	1	1	120	30	0	0	0	0	0	0	0	0
546	P200.그리폰	P200.그리폰	245	7280	1190	1399	1499	291	0	0	423	41400	38308	40	255	0	3	8	6	0	4	2	0	0	0	1	1	120	30	0	0	0	0	0	0	0	0
646	PB.그리폰	PB.그리폰	255	14560	2380	2798	2998	582	0	0	846	182840	76616	100	255	0	3	8	6	0	4	2	0	0	0	1	1	200	1	0	0	0	0	0	0	0	0
47	L210.포미안워리어	L210.포미안워리어	186	6551	763	911	1002	200	0	0	201	15696	21812	36	196	0	3	8	5	0	4	2	0	0	0	1	1	120	30	0	0	0	0	0	0	0	0
247	L220.포미안워리어	L220.포미안워리어	187	6558	764	912	1004	201	0	0	202	15712	21836	36	197	0	3	8	5	0	4	2	0	0	0	1	1	120	30	0	0	0	0	0	0	0	0
347	L230.포미안워리어	L230.포미안워리어	188	6565	765	913	1006	202	0	0	203	15728	21860	36	198	0	3	8	5	0	4	2	0	0	0	1	1	120	30	0	0	0	0	0	0	0	0
447	L240.포미안워리어	L240.포미안워리어	189	6572	766	914	1008	203	0	0	204	15744	21884	36	199	0	3	8	5	0	4	2	0	0	0	1	1	120	30	0	0	0	0	0	0	0	0
547	L250.포미안워리어	L250.포미안워리어	190	6579	767	915	1010	204	0	0	205	15760	21908	36	200	0	3	8	5	0	4	2	0	0	0	1	1	120	30	0	0	0	0	0	0	0	0
647	B.포미안워리어	B.포미안워리어	200	13158	1534	1830	2020	408	0	0	410	102465	43816	100	200	0	3	8	5	0	4	2	0	0	0	1	1	200	1	0	0	0	0	0	0	0	0
48	L310.인큐버스	L310.인큐버스	231	6400	950	1278	1368	279	0	0	333	26724	37084	36	241	0	3	8	8	0	4	2	0	0	0	1	1	50	30	0	0	0	0	0	0	0	0
248	L320.인큐버스	L320.인큐버스	232	6420	953	1282	1373	280	0	0	334	26808	37196	40	242	0	3	8	8	0	4	2	0	0	0	1	1	50	30	0	0	0	0	0	0	0	0
348	L330.인큐버스	L330.인큐버스	233	6440	956	1286	1378	281	0	0	336	26892	37308	40	243	0	3	8	8	0	4	2	0	0	0	1	1	50	30	0	0	0	0	0	0	0	0
448	L340.인큐버스	L340.인큐버스	234	6460	959	1290	1383	282	0	0	338	26976	37420	40	244	0	3	8	8	0	4	2	0	0	0	1	1	50	30	0	0	0	0	0	0	0	0
548	L350.인큐버스	L350.인큐버스	235	6480	962	1294	1388	283	0	0	340	27060	37536	40	245	0	3	8	8	0	4	2	0	0	0	1	1	50	30	0	0	0	0	0	0	0	0
648	B.인큐버스	B.인큐버스	245	12960	1924	2588	2776	566	0	0	680	154120	75072	100	245	0	3	8	8	0	4	2	0	0	0	1	1	300	1	0	0	0	0	0	0	0	0
49	P210.덤프솔져	P210.덤프솔져	246	7536	1205	1492	1510	296	0	0	412	41320	38232	40	256	0	3	8	7	0	4	2	0	0	0	1	1	120	30	0	0	0	0	0	0	0	0
249	P220.덤프솔져	P220.덤프솔져	247	7559	1209	1497	1515	297	0	0	414	41440	38348	40	257	0	3	8	7	0	4	2	0	0	0	1	1	120	30	0	0	0	0	0	0	0	0
349	P230.덤프솔져	P230.덤프솔져	248	7582	1213	1502	1520	298	0	0	416	41600	38464	40	258	0	3	8	7	0	4	2	0	0	0	1	1	120	30	0	0	0	0	0	0	0	0
449	P240.덤프솔져	P240.덤프솔져	249	7605	1217	1507	1525	299	0	0	418	41720	38580	40	259	0	3	8	7	0	4	2	0	0	0	1	1	120	30	0	0	0	0	0	0	0	0
549	P250.덤프솔져	P250.덤프솔져	250	7628	1221	1512	1530	300	0	0	420	41840	38696	40	260	0	3	8	7	0	4	2	0	0	0	1	1	120	30	0	0	0	0	0	0	0	0
649	PB.덤프솔져	PB.덤프솔져	260	15256	2442	3024	3060	600	0	0	840	178680	77392	100	260	0	3	8	7	0	4	2	0	0	0	1	1	360	1	0	0	0	0	0	0	0	0
50	P260.덤프솔져워리어	P260.덤프솔져워리어	251	7875	1240	1564	1632	315	0	0	438	41760	38632	40	261	0	3	8	8	0	4	2	0	0	0	1	1	120	30	0	0	0	0	0	0	0	0
250	P270.덤프솔져워리어	P270.덤프솔져워리어	252	7899	1244	1569	1637	316	0	0	440	41880	38748	40	262	0	3	8	8	0	4	2	0	0	0	1	1	120	30	0	0	0	0	0	0	0	0
350	P280.덤프솔져워리어	P280.덤프솔져워리어	253	7923	1248	1574	1642	317	0	0	442	42000	38868	40	263	0	3	8	8	0	4	2	0	0	0	1	1	120	30	0	0	0	0	0	0	0	0
450	P290.덤프솔져워리어	P290.덤프솔져워리어	254	7947	1252	1579	1647	318	0	0	444	42160	38988	40	264	0	3	8	8	0	4	2	0	0	0	1	1	120	30	0	0	0	0	0	0	0	0
550	P300.덤프솔져워리어	P300.덤프솔져워리어	255	7971	1256	1584	1652	319	0	0	446	42280	39108	40	265	0	3	8	8	0	4	2	0	0	0	1	1	120	30	0	0	0	0	0	0	0	0
650	PB.덤프솔져워리어	PB.덤프솔져워리어	265	15942	2512	3168	3304	638	0	0	892	180600	78216	100	265	0	3	8	8	0	4	2	0	0	0	1	1	360	1	0	0	0	0	0	0	0	0
51	P360.가스트	P360.가스트	261	11876	1993	0	0	337	1715	1833	547	42640	39432	40	271	574	3	8	8	0	4	2	0	0	0	1	1	120	30	0	0	0	0	0	0	0	1
251	P370.가스트	P370.가스트	262	11912	1999	0	0	339	1721	1839	549	42760	39552	40	272	580	3	8	8	0	4	2	0	0	0	1	1	120	30	0	0	0	0	0	0	0	1
351	P380.가스트	P380.가스트	263	11948	2005	0	0	341	1727	1845	551	42880	39672	40	273	585	3	8	8	0	4	2	0	0	0	1	1	120	30	0	0	0	0	0	0	0	1
451	P390.가스트	P390.가스트	264	11984	2012	0	0	343	1733	1851	553	43040	39792	40	274	591	3	8	8	0	4	2	0	0	0	1	1	120	30	0	0	0	0	0	0	0	1
551	P400.가스트	P400.가스트	265	12020	2019	0	0	345	1739	1857	555	43160	39912	40	275	597	3	8	8	0	4	2	0	0	0	1	1	120	30	0	0	0	0	0	0	0	1
651	PB.가스트	PB.가스트	275	24040	4038	0	0	690	3478	3714	1110	196320	84652	100	275	1194	3	8	8	0	4	2	0	0	0	1	1	360	1	0	0	0	0	0	0	0	1
52	P191.고쿤	P191.고쿤	236	6783	1138	1320	1414	273	0	0	395	40480	37464	40	246	0	3	8	8	0	4	2	0	0	0	1	1	120	30	0	0	0	0	0	0	0	0
252	P192.고쿤	P192.고쿤	237	6804	1142	1324	1419	274	0	0	397	40600	37580	40	247	0	3	8	8	0	4	2	0	0	0	1	1	120	30	0	0	0	0	0	0	0	0
352	P193.고쿤	P193.고쿤	238	6825	1146	1328	1424	275	0	0	399	40720	37696	40	248	0	3	8	8	0	4	2	0	0	0	1	1	120	30	0	0	0	0	0	0	0	0
452	P194.고쿤	P194.고쿤	239	6846	1150	1332	1429	276	0	0	401	40840	37812	40	249	0	3	8	8	0	4	2	0	0	0	1	1	120	30	0	0	0	0	0	0	0	0
552	P195.고쿤	P195.고쿤	240	6867	1154	1336	1434	277	0	0	403	40960	37928	40	250	0	3	8	8	0	4	2	0	0	0	1	1	120	30	0	0	0	0	0	0	0	0
652	PB.고쿤	PB.고쿤	250	13734	2308	2672	2868	554	0	0	806	171960	59824	100	250	0	3	8	8	0	4	2	0	0	0	1	1	360	1	0	0	0	0	0	0	0	0
53	L191.바포메트워리어	L191.바포메트워리어	176	6434	948	848	957	189	0	0	268	15044	20980	36	186	0	3	8	8	0	4	2	0	0	0	1	1	120	30	0	0	0	0	0	0	0	0
253	L192.바포메트워리어	L192.바포메트워리어	177	6441	949	849	958	190	0	0	269	15060	21004	36	187	0	3	8	8	0	4	2	0	0	0	1	1	120	30	0	0	0	0	0	0	0	0
353	L193.바포메트워리어	L193.바포메트워리어	178	6448	950	850	959	191	0	0	270	15076	21028	36	188	0	3	8	8	0	4	2	0	0	0	1	1	120	30	0	0	0	0	0	0	0	0
453	L194.바포메트워리어	L194.바포메트워리어	179	6455	951	851	960	192	0	0	271	15092	21052	36	189	0	3	8	8	0	4	2	0	0	0	1	1	120	30	0	0	0	0	0	0	0	0
553	L195.바포메트워리어	L195.바포메트워리어	180	6462	952	852	961	193	0	0	272	15108	21076	36	190	0	3	8	8	0	4	2	0	0	0	1	1	120	30	0	0	0	0	0	0	0	0
653	B.바포메트워리어	B.바포메트워리어	190	12924	1904	1704	1922	386	0	0	544	100778	42152	100	190	0	3	8	8	0	4	2	0	0	0	1	1	360	1	0	0	0	0	0	0	0	0
54	L196.레드와이번	L196.레드와이번	181	6953	6811	0	0	177	880	936	470	15404	21420	36	191	0	10	10	10	0	4	2	0	0	0	1	2	120	30	0	0	0	0	0	0	0	1
254	L197.레드와이번	L197.레드와이번	182	6960	6818	0	0	178	881	937	471	15420	21444	36	192	0	10	10	10	0	4	2	0	0	0	1	2	120	30	0	0	0	0	0	0	0	1
354	L198.레드와이번	L198.레드와이번	183	6967	6825	0	0	179	882	938	472	15436	21468	36	193	0	10	10	10	0	4	2	0	0	0	1	2	120	30	0	0	0	0	0	0	0	1
454	L199.레드와이번	L199.레드와이번	184	6974	6832	0	0	180	883	939	473	15452	21492	36	194	0	10	10	10	0	4	2	0	0	0	1	2	120	30	0	0	0	0	0	0	0	1
554	L200.레드와이번	L200.레드와이번	185	6981	6839	0	0	181	884	940	474	15468	21516	36	195	0	10	10	10	0	4	2	0	0	0	1	2	120	30	0	0	0	0	0	0	0	1
654	B.레드와이번	B.레드와이번	195	13962	13678	0	0	362	1768	1880	948	101785	43032	95	195	0	10	10	10	0	4	2	0	0	0	1	2	360	2	0	0	0	0	0	0	0	1
101	아이스 나이츠킹	아이스 나이츠킹	300	223460	68811	0	0	671	2665	2680	2178	573192	95040	100	310	0	12	10	8	0	4	2	0	0	0	2	1	10800	1	0	0	0	0	0	0	0	1
111	울트라 아이스 나이츠킹	울트라 아이스 나이츠킹	400	323460	98811	0	0	801	2865	2899	2378	973192	195040	100	400	0	12	10	8	0	4	2	0	0	0	2	1	1800	10	0	0	0	0	0	0	0	1
103	디머션 웜	디머션 웜	350	263575	91728	0	0	721	2800	2820	2253	759788	112560	100	360	0	6	10	8	0	4	2	0	0	0	2	1	10800	1	0	0	0	0	0	0	0	1
113	울트라 디머션 웜	울트라 디머션 웜	550	363575	121728	0	0	851	3100	3199	2553	1359788	392560	100	550	0	6	10	8	0	4	2	0	0	0	2	1	1800	10	0	0	0	0	0	0	0	1
102	블러드 데몬	블러드 데몬	400	316990	25620	2988	3121	801	0	0	2265	1289684	188840	100	400	0	3	10	8	0	4	2	0	0	0	2	1	10800	1	0	0	0	0	0	0	0	0
112	울트라 블러드 데몬	울트라 블러드 데몬	600	416990	50620	3988	4121	901	0	0	2565	2289684	288840	100	600	0	3	10	8	0	4	2	0	0	0	2	1	1800	10	0	0	0	0	0	0	0	0
1001	성문	성문	1	200000	9	7	10	0	0	0	0	0	0	0	1	0	2	2	0	0	2	0	0	0	0	1	0	30	30	0	0	0	0	0	0	0	0
1002	성물	성물	1	200000	9	7	10	0	0	0	0	0	0	0	1	0	2	2	0	0	2	0	0	0	0	1	0	30	30	0	0	0	0	0	0	0	0
80	태초의 바포메트	Primordial Baphomet	231	23162	456	1470	1610	147	0	0	189	14328	20092	36	171	0	3	8	8	0	4	2	0	0	0	1	1	120	30	0	0	0	0	0	0	0	0
280	태초의 바포메트	Primordial Baphomet	231	23162	456	1470	1610	147	0	0	189	14328	20092	36	171	0	3	8	8	0	4	2	0	0	0	1	1	120	30	0	0	0	0	0	0	0	0
380	태초의 바포메트	Primordial Baphomet	231	23162	456	1470	1610	147	0	0	189	14328	20092	36	171	0	3	8	8	0	4	2	0	0	0	1	1	120	30	0	0	0	0	0	0	0	0
480	태초의 바포메트	Primordial Baphomet	231	23162	456	1470	1610	147	0	0	189	14328	20092	36	171	0	3	8	8	0	4	2	0	0	0	1	1	120	30	0	0	0	0	0	0	0	0
580	태초의 바포메트	Primordial Baphomet	231	23162	456	1470	1610	147	0	0	189	14328	20092	36	171	0	3	8	8	0	4	2	0	0	0	1	1	120	30	0	0	0	0	0	0	0	0
680	태초의 바포메트	Primordial Baphomet	231	23162	456	1470	1610	147	0	0	189	14328	20092	36	171	0	3	8	8	0	4	2	0	0	0	1	1	120	30	0	0	0	0	0	0	0	0
