;레벨	근거리 필요경험치	원거리 필요경험치	흑마법 필요경험치	백마법 필요경험치
0	0	0	0	0
1	137	131	126	120
2	169	163	157	151
3	290	280	271	262
4	463	448	434	420
5	701	680	659	638
6	1018	987	958	929
7	1429	1387	1346	1306
8	1951	1894	1839	1785
9	2601	2527	2454	2383
10	3399	3303	3209	3118
11	4365	4243	4124	4008
12	5522	5369	5220	5074
13	6892	6703	6518	6337
14	8500	8268	8042	7820
15	10372	10091	9816	9547
16	12535	12197	11867	11543
17	15018	14615	14221	13835
18	17850	17373	16907	16450
19	21063	20503	19954	19417
20	24689	24034	23394	22767
21	28761	28002	27258	26530
22	33316	32439	31580	30739
23	38389	37381	36394	35428
24	44018	42866	41737	40632
25	50243	48931	47646	46388
26	57103	55615	54158	52732
27	64641	62960	61315	59703
28	72900	71008	69156	67342
29	81923	79801	77723	75689
30	91757	89385	87062	84787
31	102449	99805	97215	94679
32	114047	111108	108230	105411
33	126601	123343	120153	117028
34	140161	136560	133033	129578
35	154781	150809	146919	143110
36	170513	166143	161864	157672
37	187413	182616	177918	173316
38	205537	200282	195136	190095
39	224943	219198	213573	208061
40	245690	239422	233284	227269
41	267837	261011	254326	247777
42	291448	284027	276760	269639
43	316583	308530	300643	292915
44	343309	334583	326038	317665
45	371689	362250	353007	343949
46	401792	391597	381613	371829
47	433686	422690	411921	401368
48	467439	455596	443998	432632
49	503123	490385	477911	465686
50	540810	527128	513729	500596
51	580574	565895	551520	537431
52	622490	606761	591358	576261
53	666632	649798	633314	617156
54	713080	695084	677461	660188
55	761912	742694	723875	705430
56	813207	792708	772633	752955
57	867048	845204	823811	802842
58	923518	900262	877488	855165
59	982700	957967	933745	910002
60	1044679	1018399	992663	967435
61	1109544	1081644	1054323	1027541
62	1177380	1147790	1118811	1090403
63	1248280	1216921	1186211	1156106
64	1322330	1289126	1256608	1224731
65	1399628	1364496	1330092	1296364
66	1480262	1443122	1406750	1371094
67	1564328	1525096	1486674	1449008
68	1651926	1610512	1569954	1530192
69	1743148	1699464	1656680	1614740
70	1838094	1792050	1746954	1702742
71	1936864	1888364	1840860	1794292
72	2039564	1988508	1938504	1889484
73	2146288	2092582	2039980	1988410
74	2257148	2200688	2145382	2091170
75	2372248	2312924	2254824	2197864
76	2491684	2429404	2368388	2308580
77	2615580	2550216	2486196	2423428
78	2744036	2675492	2608336	2542512
79	2877164	2805312	2734924	2665928
80	3015080	2939800	2866060	2793776
81	3157888	3079072	3001860	2926172
82	3305712	3223224	3142420	3063216
83	3458664	3372388	3287864	3205012
84	3616860	3526656	3438296	3351672
85	3780420	3686164	3593828	3503312
86	3949464	3851024	3754576	3660036
87	4124112	4021336	3920656	3821960
88	4304488	4197248	4092176	3989200
89	4490720	4378856	4269280	4161856
90	4682912	4566304	4452056	4340056
91	4881224	4759696	4640632	4523928
92	5085760	4959168	4835144	4713576
93	5296656	5164840	5035704	4909112
94	5514048	5376848	5242440	5110680
95	5738048	5595312	5455472	5318392
96	5968808	5820368	5674928	5532360
97	6206464	6052136	5900936	5752720
98	6451136	6290760	6133632	5979600
99	6702992	6536376	6373136	6213128
100	6962112	6789104	6619584	6453416
101	7228704	7049088	6873120	6700624
102	7502848	7316464	7133856	6954832
103	7784752	7591392	7401936	7216240
104	8074496	7873984	7677520	7484944
105	8372256	8164384	7960704	7761056
106	8678176	8462736	8251664	8044736
107	8992416	8769216	8550528	8336160
108	9315088	9083920	8857424	8635376
109	9646384	9407024	9172496	8942624
110	9986416	9738672	9495936	9257952
111	10335392	10079024	9827808	9581584
112	10693392	10428192	10168336	9913600
113	11060656	10786352	10517616	10254176
114	11437248	11153680	10875824	10603456
115	11823424	11530304	11243104	10961568
116	12219264	11916384	11619616	11328704
117	12624960	12312064	12005472	11704928
118	13040672	12717536	12400896	12090496
119	13466560	13132928	12805984	12485504
120	13902848	13558400	13220928	12890080
121	14349568	13994144	13645824	13304448
122	14807040	14440288	14080960	13728704
123	15275296	14897024	14526368	14163008
124	15754624	15364512	14982272	14607552
125	16245120	15842944	15448800	15062496
126	16746976	16332384	15926176	15527936
127	17260352	16833152	16414496	16004128
128	17785472	17345280	16913984	16491136
129	18322496	17869056	17424768	16989248
130	18871520	18404608	17947008	17498496
131	19432864	18952064	18480960	18019104
132	20006592	19511648	19026688	18551264
133	20592960	20083584	19584384	19095136
134	21192064	20667968	20154368	19650816
135	21804160	21264960	20736576	20218624
136	22429504	21874880	21331392	20798592
137	23068160	22497728	21938816	21390976
138	23720256	23133888	22559232	21995904
139	24386240	23783360	23192640	22613568
140	25065984	24446464	23839296	23244096
141	25760000	25123264	24499392	23887808
142	26468160	25814080	25173120	24544768
143	27190976	26519104	25860608	25215168
144	27928448	27238336	26562112	25899264
145	28680704	27972160	27277760	26597056
146	29448192	28720704	28007808	27308992
147	30230976	29484160	28752448	28035008
148	31029184	30262784	29511680	28775488
149	31843200	31056704	30286016	29530496
150	32672960	31866112	31075392	30300288
151	33518976	32691264	31880064	31084992
152	34381184	33532352	32700416	31884928
153	35260032	34389504	33536384	32700096
154	36155648	35262976	34388224	33530816
155	37068160	36153216	35256320	34377216
156	37997696	37059840	36140672	35239808
157	38944896	37983616	37041664	36118144
158	39909376	38924416	37959168	37013120
159	40891904	39882752	38893952	37924352
160	41892352	40858624	39845504	38852480
161	42910976	41852288	40814720	39797504
162	43948288	42863872	41801216	40759680
163	45004032	43893888	42805760	41739136
164	46078848	44942208	43828224	42736256
165	47172864	46009088	44868864	43750912
166	48285952	47095040	45927808	44783744
167	49418880	48200064	47005696	45834752
168	50571648	49324416	48102016	46903936
169	51744256	50468224	49217792	47991936
170	52937216	51632000	50352640	49098624
171	54150784	52815616	51507072	50224384
172	55384960	54019456	52681344	51369344
173	56640256	55243904	53875328	52533888
174	57916672	56488832	55089664	53718016
175	59214720	57754880	56324352	54922112
176	60534016	59042176	57579776	56146176
177	61875712	60350464	58856064	57390848
178	63239168	61680896	60153088	58655872
179	64625408	63032576	61472000	59941888
180	66034176	64407040	62812160	61248768
181	67465984	65803264	64174080	62576896
182	68920576	67222528	65558016	63926784
183	70398976	68664320	66964480	65297920
184	71900672	70129408	68393216	66691584
185	73426432	71617536	69844736	68106752
186	74976512	73129472	71319296	69544960
187	76550656	74664960	72817152	71005184
188	78149888	76224768	74338048	72488960
189	79773696	77808896	75883264	73995520
190	81422592	79417344	77452032	75525376
191	83097344	81050880	79044864	77078784
192	84797440	82708992	80662784	78656256
193	86523648	84392960	82304768	80257792
194	88275968	86102528	83971840	81883648
195	90054912	87837440	85664256	83534080
196	91860480	89598720	87382016	85209088
197	93692928	91386368	89125632	86909440
198	95553024	93200640	90895104	88634880
199	97440512	95041792	92690944	90386176
200	99355904	96909824	94512896	92163328
201	101298944	98805760	96361728	93966080
202	103270912	100728832	98237696	95795456
203	105271296	102680576	100140800	97651456
204	107300864	104659456	102071552	99534336
205	109359104	106668032	104029696	101444096
206	111447040	108704256	106016768	103381504
207	113564672	110770176	108030976	105346048
208	115713024	112865280	110074880	107339264
209	117890560	114990080	112146432	109359616
210	120099328	117144064	114248192	111409152
211	122339328	119329280	116379136	113486848
212	124609536	121544192	118539264	115593728
213	126912512	123789824	120729600	117729792
214	129245696	126066176	122950144	119895552
215	131612160	128374272	125201408	122090496
216	134010368	130714112	127482880	124315648
217	136441344	133085184	129796096	126571520
218	138905600	135489024	132140032	128857088
219	141402624	137924608	134515712	131174400
220	143932928	140392960	136923648	133522432
221	146497536	142894592	139363328	135901696
222	149096448	145429504	141835776	138312704
223	151729152	147997696	144340480	140755968
224	154396672	150600192	146878976	143230976
225	157099520	153236480	149450240	145738752
226	159837696	155907584	152055296	148279296
227	162611712	158612992	154694144	150852608
228	165421056	161353728	157367808	153459712
229	168266752	164130304	160074752	156100096
230	171149312	166941696	162817536	158774784
231	174068736	169788928	165595136	161483264
232	177025536	172673536	168408064	164226560
233	180019200	175593984	171256320	167004672
234	183051264	178551296	174140928	169817600
235	186121216	181545984	177062400	172666368
236	189229056	184578048	180019200	175549952
237	192376832	187648000	183013376	178470400
238	195562496	190756864	186045440	181427200
239	198789120	193902592	189114368	184420352
240	202053632	197088256	192220160	187449344
241	205360128	200312832	195366912	190517248
242	208705536	203576320	198549504	193620992
243	212091904	206879744	201771008	196763648
244	215519232	210224128	205032448	199944192
245	218988544	213607424	208333824	203163648
246	222499840	217032704	211673088	206420992
247	226052096	220497920	215054336	209716224
248	229647360	224004096	218474496	213053440
249	233285632	227554304	221935616	216428544
250	236965888	231144448	225437696	219843584
251	240691200	234776576	228981760	223300608
252	244458496	238452736	232566784	226795520
253	248270848	242171904	236192768	230333440
254	252127232	245933056	239862784	233911296
255	256028672	249739264	243574784	237532160
256	259974144	253589504	247329792	241192960
257	263966720	257481728	251126784	244897792
258	268004352	261422080	254968832	248643584
259	272088064	265404416	258854912	252433408
260	276217856	269433856	262784000	256265216
261	280395776	273508352	266759168	260142080
262	284619776	277629952	270777344	264060928
263	288890880	281795584	274841600	268024832
264	293211136	286010368	278952960	272033792
265	297579520	290271232	283108352	276086784
266	301995008	294580224	287309824	280184832
267	306461696	298935296	291559424	284327936
268	310976512	303339520	295855104	288518144
269	315539456	307792896	300197888	292753408
270	320155648	312294400	304588800	297034752
271	324820992	316844032	309027840	301364224
272	329537536	321445888	313513984	305740800
273	334303232	326094848	318050304	310163456
274	339122176	330797056	322635776	314634240
275	343992320	335546368	327268352	319154176
276	348915712	340350976	331954176	323723264
277	353890304	345202688	336687104	328339456
278	358920192	350107648	341471232	333004800
279	364001280	355065856	346306560	337721344
280	369137664	360075264	351193088	342484992
281	374325248	365137920	356130816	347303936
282	379572224	370253824	361121792	352167936
283	384870400	375422976	366163968	357085184
284	390223872	380645376	371257344	362053632
285	395634688	385925120	376406016	367075328
286	401102848	391256064	381605888	372146176
287	406622208	396642304	386861056	377272320
288	412205056	402087936	392169472	382449664
289	417839104	407584768	397533184	387680256
290	423534592	413138944	402952192	392962048
291	429287424	418752512	408424448	398303232
292	435097600	424419328	413954048	403693568
293	440967168	430145536	419538944	409139200
294	446896128	435929088	425179136	414642176
295	452884480	441769984	430876672	420198400
296	458932224	447670272	436631552	425811968
297	465041408	453629952	442445824	431478784
298	471209984	459649024	448313344	437204992
299	477442048	465725440	454244352	442986496
300	483733504	471865344	460228608	448825344
301	490086400	478062592	466276352	454721536
302	496504832	484321280	472381440	460675072
303	502982656	490643456	478545920	466688000
304	509528064	497025024	484771840	472760320
305	516132864	503470080	491057152	478889984
306	522805248	509976576	497405952	485079040
307	529539072	516548608	503810048	491329536
308	536342528	523184128	510279680	497639424
309	543205376	529879040	516810752	504006656
310	550137856	536641536	523405312	510439424
311	557137920	543467520	530061312	516929536
312	564195328	550359040	536780800	523483136
313	571334656	557314048	543563776	530100224
314	578527232	564338688	550412288	536774656
315	585797632	571424768	557322240	543518720
316	593129472	578580480	564301824	550322176
317	600530944	585801728	571342848	557191168
318	608006144	593092608	578449408	564121600
319	615546880	600449024	585625600	571117568
320	623153152	607870976	592863232	578183168
321	630837248	615362560	600174592	585306112
322	638590976	622927872	607551488	592498688
323	646410240	630558720	614989824	599760896
324	654307328	638263296	622505984	607084544
325	662278144	646029312	630083584	614477824
326	670310400	653877248	637734912	621940736
327	678428672	661786624	645451776	629465088
328	686612480	669773824	653238272	637063168
329	694870016	677834752	661098496	644722688
330	703209472	685961216	669028352	652460032
331	711614464	694165504	677027840	660262912
332	720097280	702439424	685101056	668135424
333	728662016	710791168	693243904	676073472
334	737292288	719216640	701460480	684089344
335	746008576	727715840	709750784	692174848
336	754794496	736288768	718114816	700329984
337	763662336	744935424	726544384	708558848
338	772608000	753664000	735059968	716857344
339	781631488	762466304	743645184	725229568
340	790728704	771346432	752300032	733675520
341	799916032	780300288	761040896	742191104
342	809172992	789331968	769847296	750788608
343	818511872	798449664	778735616	759455744
344	827936768	807636992	787701760	768196608
345	837439488	816906240	796741632	777015296
346	847024128	826257408	805859328	785907712
347	856686592	835686400	815058944	794877952
348	866439168	845197312	824332288	803921920
349	876269568	854790144	833687552	813047808
350	886181888	864460800	843116544	822247424
351	896184320	874213376	852635648	831524864
352	906264576	884051968	862228480	840880128
353	916434944	893968384	871899136	850317312
354	926687232	903970816	881659904	859832320
355	937029632	914059264	891494400	869425152
356	947449856	924229632	901410816	879099904
357	957972480	934486016	911417344	888852480
358	968564736	944820224	921501696	898691072
359	979247104	955252736	931667968	908607488
360	990027776	965763072	941924352	918605824
361	1000890368	976363520	952254464	928686080
362	1011851264	987045888	962682880	938852352
363	1022885888	997818368	973185024	949092352
364	1034018816	1008672768	983777280	959430656
365	1045250048	1019633664	994459648	969842688
366	1056555008	1030660096	1005223936	980344832
367	1067966464	1041793024	1016078336	990928896
368	1079468032	1053016064	1027014656	1001594880
369	1091059712	1064312832	1038041088	1012350976
370	1102741504	1075716096	1049165824	1023197184
371	1114513408	1087209472	1060364288	1034125312
372	1126391808	1098784768	1071661056	1045143552
373	1138360320	1110466560	1083056128	1056243712
374	1150418944	1122222080	1094524928	1067433984
375	1162575872	1134092288	1106092032	1078722560
376	1174831104	1146036224	1117749248	1090084864
377	1187176448	1158094848	1129496576	1101553664
378	1199628288	1170227200	1141350400	1113096192
379	1212170240	1182474240	1153277952	1124745216
380	1224818688	1194803200	1165303808	1136467968
381	1237557248	1207230464	1177436160	1148297216
382	1250394112	1219756032	1189650432	1160208384
383	1263337472	1232379904	1201954816	1172217856
384	1276379136	1245110272	1214373888	1184317440
385	1289519104	1257922560	1226866688	1196515328
386	1302757376	1270841344	1239474176	1208803328
387	1316110336	1283858432	1252163584	1221181440
388	1329545216	1296973824	1264959488	1233657856
389	1343102976	1310195712	1277853696	1246240768
390	1356750848	1323515904	1290846208	1258897408
391	1370513408	1336934400	1303928832	1271668736
392	1384366080	1350451200	1317117952	1284530176
393	1398341632	1364074496	1330405376	1297489920
394	1412407296	1377804288	1343791104	1310539776
395	1426579456	1391640576	1357283328	1323704320
396	1440866304	1405566976	1370865664	1336958976
397	1455259648	1419608064	1384570880	1350303744
398	1469751296	1433747456	1398349824	1363763200
399	1484365824	1447993344	1412259840	1377312768
400	1499070464	1462353920	1426251776	1390968832
401	1499070464	1462353920	1426251776	1390968832
402	1499070464	1462353920	1426251776	1390968832
403	1499070464	1462353920	1426251776	1390968832
404	1499070464	1462353920	1426251776	1390968832
405	1499070464	1462353920	1426251776	1390968832
406	1499070464	1462353920	1426251776	1390968832
407	1499070464	1462353920	1426251776	1390968832
408	1499070464	1462353920	1426251776	1390968832
409	1499070464	1462353920	1426251776	1390968832
410	1499070464	1462353920	1426251776	1390968832
411	1499070464	1462353920	1426251776	1390968832
412	1499070464	1462353920	1426251776	1390968832
413	1499070464	1462353920	1426251776	1390968832
414	1499070464	1462353920	1426251776	1390968832
415	1499070464	1462353920	1426251776	1390968832
416	1499070464	1462353920	1426251776	1390968832
417	1499070464	1462353920	1426251776	1390968832
418	1499070464	1462353920	1426251776	1390968832
419	1499070464	1462353920	1426251776	1390968832
420	1499070464	1462353920	1426251776	1390968832
421	1499070464	1462353920	1426251776	1390968832
422	1499070464	1462353920	1426251776	1390968832
423	1499070464	1462353920	1426251776	1390968832
424	1499070464	1462353920	1426251776	1390968832
425	1499070464	1462353920	1426251776	1390968832
426	1499070464	1462353920	1426251776	1390968832
427	1499070464	1462353920	1426251776	1390968832
428	1499070464	1462353920	1426251776	1390968832
429	1499070464	1462353920	1426251776	1390968832
430	1499070464	1462353920	1426251776	1390968832
431	1499070464	1462353920	1426251776	1390968832
432	1499070464	1462353920	1426251776	1390968832
433	1499070464	1462353920	1426251776	1390968832
434	1499070464	1462353920	1426251776	1390968832
435	1499070464	1462353920	1426251776	1390968832
436	1499070464	1462353920	1426251776	1390968832
437	1499070464	1462353920	1426251776	1390968832
438	1499070464	1462353920	1426251776	1390968832
439	1499070464	1462353920	1426251776	1390968832
440	1499070464	1462353920	1426251776	1390968832
441	1499070464	1462353920	1426251776	1390968832
442	1499070464	1462353920	1426251776	1390968832
443	1499070464	1462353920	1426251776	1390968832
444	1499070464	1462353920	1426251776	1390968832
445	1499070464	1462353920	1426251776	1390968832
446	1499070464	1462353920	1426251776	1390968832
447	1499070464	1462353920	1426251776	1390968832
448	1499070464	1462353920	1426251776	1390968832
449	1499070464	1462353920	1426251776	1390968832
450	1499070464	1462353920	1426251776	1390968832
451	1499070464	1462353920	1426251776	1390968832
452	1499070464	1462353920	1426251776	1390968832
453	1499070464	1462353920	1426251776	1390968832
454	1499070464	1462353920	1426251776	1390968832
455	1499070464	1462353920	1426251776	1390968832
456	1499070464	1462353920	1426251776	1390968832
457	1499070464	1462353920	1426251776	1390968832
458	1499070464	1462353920	1426251776	1390968832
459	1499070464	1462353920	1426251776	1390968832
460	1499070464	1462353920	1426251776	1390968832
461	1499070464	1462353920	1426251776	1390968832
462	1499070464	1462353920	1426251776	1390968832
463	1499070464	1462353920	1426251776	1390968832
464	1499070464	1462353920	1426251776	1390968832
465	1499070464	1462353920	1426251776	1390968832
466	1499070464	1462353920	1426251776	1390968832
467	1499070464	1462353920	1426251776	1390968832
468	1499070464	1462353920	1426251776	1390968832
469	1499070464	1462353920	1426251776	1390968832
470	1499070464	1462353920	1426251776	1390968832
471	1499070464	1462353920	1426251776	1390968832
472	1499070464	1462353920	1426251776	1390968832
473	1499070464	1462353920	1426251776	1390968832
474	1499070464	1462353920	1426251776	1390968832
475	1499070464	1462353920	1426251776	1390968832
476	1499070464	1462353920	1426251776	1390968832
477	1499070464	1462353920	1426251776	1390968832
478	1499070464	1462353920	1426251776	1390968832
479	1499070464	1462353920	1426251776	1390968832
480	1499070464	1462353920	1426251776	1390968832
481	1499070464	1462353920	1426251776	1390968832
482	1499070464	1462353920	1426251776	1390968832
483	1499070464	1462353920	1426251776	1390968832
484	1499070464	1462353920	1426251776	1390968832
485	1499070464	1462353920	1426251776	1390968832
486	1499070464	1462353920	1426251776	1390968832
487	1499070464	1462353920	1426251776	1390968832
488	1499070464	1462353920	1426251776	1390968832
489	1499070464	1462353920	1426251776	1390968832
490	1499070464	1462353920	1426251776	1390968832
491	1499070464	1462353920	1426251776	1390968832
492	1499070464	1462353920	1426251776	1390968832
493	1499070464	1462353920	1426251776	1390968832
494	1499070464	1462353920	1426251776	1390968832
495	1499070464	1462353920	1426251776	1390968832
496	1499070464	1462353920	1426251776	1390968832
497	1499070464	1462353920	1426251776	1390968832
498	1499070464	1462353920	1426251776	1390968832
499	1499070464	1462353920	1426251776	1390968832
500	1499070464	1462353920	1426251776	1390968832
501	1499070464	1462353920	1426251776	1390968832
502	1499070464	1462353920	1426251776	1390968832
503	1499070464	1462353920	1426251776	1390968832
504	1499070464	1462353920	1426251776	1390968832
505	1499070464	1462353920	1426251776	1390968832
506	1499070464	1462353920	1426251776	1390968832
507	1499070464	1462353920	1426251776	1390968832
508	1499070464	1462353920	1426251776	1390968832
509	1499070464	1462353920	1426251776	1390968832
510	1499070464	1462353920	1426251776	1390968832
511	1499070464	1462353920	1426251776	1390968832
512	1499070464	1462353920	1426251776	1390968832
513	1499070464	1462353920	1426251776	1390968832
514	1499070464	1462353920	1426251776	1390968832
515	1499070464	1462353920	1426251776	1390968832
516	1499070464	1462353920	1426251776	1390968832
517	1499070464	1462353920	1426251776	1390968832
518	1499070464	1462353920	1426251776	1390968832
519	1499070464	1462353920	1426251776	1390968832
520	1499070464	1462353920	1426251776	1390968832
521	1499070464	1462353920	1426251776	1390968832
522	1499070464	1462353920	1426251776	1390968832
523	1499070464	1462353920	1426251776	1390968832
524	1499070464	1462353920	1426251776	1390968832
525	1499070464	1462353920	1426251776	1390968832
526	1499070464	1462353920	1426251776	1390968832
527	1499070464	1462353920	1426251776	1390968832
528	1499070464	1462353920	1426251776	1390968832
529	1499070464	1462353920	1426251776	1390968832
530	1499070464	1462353920	1426251776	1390968832
531	1499070464	1462353920	1426251776	1390968832
532	1499070464	1462353920	1426251776	1390968832
533	1499070464	1462353920	1426251776	1390968832
534	1499070464	1462353920	1426251776	1390968832
535	1499070464	1462353920	1426251776	1390968832
536	1499070464	1462353920	1426251776	1390968832
537	1499070464	1462353920	1426251776	1390968832
538	1499070464	1462353920	1426251776	1390968832
539	1499070464	1462353920	1426251776	1390968832
540	1499070464	1462353920	1426251776	1390968832
541	1499070464	1462353920	1426251776	1390968832
542	1499070464	1462353920	1426251776	1390968832
543	1499070464	1462353920	1426251776	1390968832
544	1499070464	1462353920	1426251776	1390968832
545	1499070464	1462353920	1426251776	1390968832
546	1499070464	1462353920	1426251776	1390968832
547	1499070464	1462353920	1426251776	1390968832
548	1499070464	1462353920	1426251776	1390968832
549	1499070464	1462353920	1426251776	1390968832
550	1499070464	1462353920	1426251776	1390968832
551	1499070464	1462353920	1426251776	1390968832
552	1499070464	1462353920	1426251776	1390968832
553	1499070464	1462353920	1426251776	1390968832
554	1499070464	1462353920	1426251776	1390968832
555	1499070464	1462353920	1426251776	1390968832
556	1499070464	1462353920	1426251776	1390968832
557	1499070464	1462353920	1426251776	1390968832
558	1499070464	1462353920	1426251776	1390968832
559	1499070464	1462353920	1426251776	1390968832
560	1499070464	1462353920	1426251776	1390968832
561	1499070464	1462353920	1426251776	1390968832
562	1499070464	1462353920	1426251776	1390968832
563	1499070464	1462353920	1426251776	1390968832
564	1499070464	1462353920	1426251776	1390968832
565	1499070464	1462353920	1426251776	1390968832
566	1499070464	1462353920	1426251776	1390968832
567	1499070464	1462353920	1426251776	1390968832
568	1499070464	1462353920	1426251776	1390968832
569	1499070464	1462353920	1426251776	1390968832
570	1499070464	1462353920	1426251776	1390968832
571	1499070464	1462353920	1426251776	1390968832
572	1499070464	1462353920	1426251776	1390968832
573	1499070464	1462353920	1426251776	1390968832
574	1499070464	1462353920	1426251776	1390968832
575	1499070464	1462353920	1426251776	1390968832
576	1499070464	1462353920	1426251776	1390968832
577	1499070464	1462353920	1426251776	1390968832
578	1499070464	1462353920	1426251776	1390968832
579	1499070464	1462353920	1426251776	1390968832
580	1499070464	1462353920	1426251776	1390968832
581	1499070464	1462353920	1426251776	1390968832
582	1499070464	1462353920	1426251776	1390968832
583	1499070464	1462353920	1426251776	1390968832
584	1499070464	1462353920	1426251776	1390968832
585	1499070464	1462353920	1426251776	1390968832
586	1499070464	1462353920	1426251776	1390968832
587	1499070464	1462353920	1426251776	1390968832
588	1499070464	1462353920	1426251776	1390968832
589	1499070464	1462353920	1426251776	1390968832
590	1499070464	1462353920	1426251776	1390968832
591	1499070464	1462353920	1426251776	1390968832
592	1499070464	1462353920	1426251776	1390968832
593	1499070464	1462353920	1426251776	1390968832
594	1499070464	1462353920	1426251776	1390968832
595	1499070464	1462353920	1426251776	1390968832
596	1499070464	1462353920	1426251776	1390968832
597	1499070464	1462353920	1426251776	1390968832
598	1499070464	1462353920	1426251776	1390968832
599	1499070464	1462353920	1426251776	1390968832
600	1499070464	1462353920	1426251776	1390968832
601	1499070464	1462353920	1426251776	1390968832
602	1499070464	1462353920	1426251776	1390968832
603	1499070464	1462353920	1426251776	1390968832
604	1499070464	1462353920	1426251776	1390968832
605	1499070464	1462353920	1426251776	1390968832
606	1499070464	1462353920	1426251776	1390968832
607	1499070464	1462353920	1426251776	1390968832
608	1499070464	1462353920	1426251776	1390968832
609	1499070464	1462353920	1426251776	1390968832
610	1499070464	1462353920	1426251776	1390968832
611	1499070464	1462353920	1426251776	1390968832
612	1499070464	1462353920	1426251776	1390968832
613	1499070464	1462353920	1426251776	1390968832
614	1499070464	1462353920	1426251776	1390968832
615	1499070464	1462353920	1426251776	1390968832
616	1499070464	1462353920	1426251776	1390968832
617	1499070464	1462353920	1426251776	1390968832
618	1499070464	1462353920	1426251776	1390968832
619	1499070464	1462353920	1426251776	1390968832
620	1499070464	1462353920	1426251776	1390968832
621	1499070464	1462353920	1426251776	1390968832
622	1499070464	1462353920	1426251776	1390968832
623	1499070464	1462353920	1426251776	1390968832
624	1499070464	1462353920	1426251776	1390968832
625	1499070464	1462353920	1426251776	1390968832
626	1499070464	1462353920	1426251776	1390968832
627	1499070464	1462353920	1426251776	1390968832
628	1499070464	1462353920	1426251776	1390968832
629	1499070464	1462353920	1426251776	1390968832
630	1499070464	1462353920	1426251776	1390968832
631	1499070464	1462353920	1426251776	1390968832
632	1499070464	1462353920	1426251776	1390968832
633	1499070464	1462353920	1426251776	1390968832
634	1499070464	1462353920	1426251776	1390968832
635	1499070464	1462353920	1426251776	1390968832
636	1499070464	1462353920	1426251776	1390968832
637	1499070464	1462353920	1426251776	1390968832
638	1499070464	1462353920	1426251776	1390968832
639	1499070464	1462353920	1426251776	1390968832
640	1499070464	1462353920	1426251776	1390968832
641	1499070464	1462353920	1426251776	1390968832
642	1499070464	1462353920	1426251776	1390968832
643	1499070464	1462353920	1426251776	1390968832
644	1499070464	1462353920	1426251776	1390968832
645	1499070464	1462353920	1426251776	1390968832
646	1499070464	1462353920	1426251776	1390968832
647	1499070464	1462353920	1426251776	1390968832
648	1499070464	1462353920	1426251776	1390968832
649	1499070464	1462353920	1426251776	1390968832
650	1499070464	1462353920	1426251776	1390968832
651	1499070464	1462353920	1426251776	1390968832
652	1499070464	1462353920	1426251776	1390968832
653	1499070464	1462353920	1426251776	1390968832
654	1499070464	1462353920	1426251776	1390968832
655	1499070464	1462353920	1426251776	1390968832
656	1499070464	1462353920	1426251776	1390968832
657	1499070464	1462353920	1426251776	1390968832
658	1499070464	1462353920	1426251776	1390968832
659	1499070464	1462353920	1426251776	1390968832
660	1499070464	1462353920	1426251776	1390968832
661	1499070464	1462353920	1426251776	1390968832
662	1499070464	1462353920	1426251776	1390968832
663	1499070464	1462353920	1426251776	1390968832
664	1499070464	1462353920	1426251776	1390968832
665	1499070464	1462353920	1426251776	1390968832
666	1499070464	1462353920	1426251776	1390968832
667	1499070464	1462353920	1426251776	1390968832
668	1499070464	1462353920	1426251776	1390968832
669	1499070464	1462353920	1426251776	1390968832
670	1499070464	1462353920	1426251776	1390968832
671	1499070464	1462353920	1426251776	1390968832
672	1499070464	1462353920	1426251776	1390968832
673	1499070464	1462353920	1426251776	1390968832
674	1499070464	1462353920	1426251776	1390968832
675	1499070464	1462353920	1426251776	1390968832
676	1499070464	1462353920	1426251776	1390968832
677	1499070464	1462353920	1426251776	1390968832
678	1499070464	1462353920	1426251776	1390968832
679	1499070464	1462353920	1426251776	1390968832
680	1499070464	1462353920	1426251776	1390968832
681	1499070464	1462353920	1426251776	1390968832
682	1499070464	1462353920	1426251776	1390968832
683	1499070464	1462353920	1426251776	1390968832
684	1499070464	1462353920	1426251776	1390968832
685	1499070464	1462353920	1426251776	1390968832
686	1499070464	1462353920	1426251776	1390968832
687	1499070464	1462353920	1426251776	1390968832
688	1499070464	1462353920	1426251776	1390968832
689	1499070464	1462353920	1426251776	1390968832
690	1499070464	1462353920	1426251776	1390968832
691	1499070464	1462353920	1426251776	1390968832
692	1499070464	1462353920	1426251776	1390968832
693	1499070464	1462353920	1426251776	1390968832
694	1499070464	1462353920	1426251776	1390968832
695	1499070464	1462353920	1426251776	1390968832
696	1499070464	1462353920	1426251776	1390968832
697	1499070464	1462353920	1426251776	1390968832
698	1499070464	1462353920	1426251776	1390968832
699	1499070464	1462353920	1426251776	1390968832
700	1499070464	1462353920	1426251776	1390968832
701	1499070464	1462353920	1426251776	1390968832
702	1499070464	1462353920	1426251776	1390968832
703	1499070464	1462353920	1426251776	1390968832
704	1499070464	1462353920	1426251776	1390968832
705	1499070464	1462353920	1426251776	1390968832
706	1499070464	1462353920	1426251776	1390968832
707	1499070464	1462353920	1426251776	1390968832
708	1499070464	1462353920	1426251776	1390968832
709	1499070464	1462353920	1426251776	1390968832
710	1499070464	1462353920	1426251776	1390968832
711	1499070464	1462353920	1426251776	1390968832
712	1499070464	1462353920	1426251776	1390968832
713	1499070464	1462353920	1426251776	1390968832
714	1499070464	1462353920	1426251776	1390968832
715	1499070464	1462353920	1426251776	1390968832
716	1499070464	1462353920	1426251776	1390968832
717	1499070464	1462353920	1426251776	1390968832
718	1499070464	1462353920	1426251776	1390968832
719	1499070464	1462353920	1426251776	1390968832
720	1499070464	1462353920	1426251776	1390968832
721	1499070464	1462353920	1426251776	1390968832
722	1499070464	1462353920	1426251776	1390968832
723	1499070464	1462353920	1426251776	1390968832
724	1499070464	1462353920	1426251776	1390968832
725	1499070464	1462353920	1426251776	1390968832
726	1499070464	1462353920	1426251776	1390968832
727	1499070464	1462353920	1426251776	1390968832
728	1499070464	1462353920	1426251776	1390968832
729	1499070464	1462353920	1426251776	1390968832
730	1499070464	1462353920	1426251776	1390968832
731	1499070464	1462353920	1426251776	1390968832
732	1499070464	1462353920	1426251776	1390968832
733	1499070464	1462353920	1426251776	1390968832
734	1499070464	1462353920	1426251776	1390968832
735	1499070464	1462353920	1426251776	1390968832
736	1499070464	1462353920	1426251776	1390968832
737	1499070464	1462353920	1426251776	1390968832
738	1499070464	1462353920	1426251776	1390968832
739	1499070464	1462353920	1426251776	1390968832
740	1499070464	1462353920	1426251776	1390968832
741	1499070464	1462353920	1426251776	1390968832
742	1499070464	1462353920	1426251776	1390968832
743	1499070464	1462353920	1426251776	1390968832
744	1499070464	1462353920	1426251776	1390968832
745	1499070464	1462353920	1426251776	1390968832
746	1499070464	1462353920	1426251776	1390968832
747	1499070464	1462353920	1426251776	1390968832
748	1499070464	1462353920	1426251776	1390968832
749	1499070464	1462353920	1426251776	1390968832
750	1499070464	1462353920	1426251776	1390968832
751	1499070464	1462353920	1426251776	1390968832
752	1499070464	1462353920	1426251776	1390968832
753	1499070464	1462353920	1426251776	1390968832
754	1499070464	1462353920	1426251776	1390968832
755	1499070464	1462353920	1426251776	1390968832
756	1499070464	1462353920	1426251776	1390968832
757	1499070464	1462353920	1426251776	1390968832
758	1499070464	1462353920	1426251776	1390968832
759	1499070464	1462353920	1426251776	1390968832
760	1499070464	1462353920	1426251776	1390968832
761	1499070464	1462353920	1426251776	1390968832
762	1499070464	1462353920	1426251776	1390968832
763	1499070464	1462353920	1426251776	1390968832
764	1499070464	1462353920	1426251776	1390968832
765	1499070464	1462353920	1426251776	1390968832
766	1499070464	1462353920	1426251776	1390968832
767	1499070464	1462353920	1426251776	1390968832
768	1499070464	1462353920	1426251776	1390968832
769	1499070464	1462353920	1426251776	1390968832
770	1499070464	1462353920	1426251776	1390968832
771	1499070464	1462353920	1426251776	1390968832
772	1499070464	1462353920	1426251776	1390968832
773	1499070464	1462353920	1426251776	1390968832
774	1499070464	1462353920	1426251776	1390968832
775	1499070464	1462353920	1426251776	1390968832
776	1499070464	1462353920	1426251776	1390968832
777	1499070464	1462353920	1426251776	1390968832
778	1499070464	1462353920	1426251776	1390968832
779	1499070464	1462353920	1426251776	1390968832
780	1499070464	1462353920	1426251776	1390968832
781	1499070464	1462353920	1426251776	1390968832
782	1499070464	1462353920	1426251776	1390968832
783	1499070464	1462353920	1426251776	1390968832
784	1499070464	1462353920	1426251776	1390968832
785	1499070464	1462353920	1426251776	1390968832
786	1499070464	1462353920	1426251776	1390968832
787	1499070464	1462353920	1426251776	1390968832
788	1499070464	1462353920	1426251776	1390968832
789	1499070464	1462353920	1426251776	1390968832
790	1499070464	1462353920	1426251776	1390968832
791	1499070464	1462353920	1426251776	1390968832
792	1499070464	1462353920	1426251776	1390968832
793	1499070464	1462353920	1426251776	1390968832
794	1499070464	1462353920	1426251776	1390968832
795	1499070464	1462353920	1426251776	1390968832
796	1499070464	1462353920	1426251776	1390968832
797	1499070464	1462353920	1426251776	1390968832
798	1499070464	1462353920	1426251776	1390968832
799	1499070464	1462353920	1426251776	1390968832
800	1499070464	1462353920	1426251776	1390968832
801	1499070464	1462353920	1426251776	1390968832
802	1499070464	1462353920	1426251776	1390968832
803	1499070464	1462353920	1426251776	1390968832
804	1499070464	1462353920	1426251776	1390968832
805	1499070464	1462353920	1426251776	1390968832
806	1499070464	1462353920	1426251776	1390968832
807	1499070464	1462353920	1426251776	1390968832
808	1499070464	1462353920	1426251776	1390968832
809	1499070464	1462353920	1426251776	1390968832
810	1499070464	1462353920	1426251776	1390968832
811	1499070464	1462353920	1426251776	1390968832
812	1499070464	1462353920	1426251776	1390968832
813	1499070464	1462353920	1426251776	1390968832
814	1499070464	1462353920	1426251776	1390968832
815	1499070464	1462353920	1426251776	1390968832
816	1499070464	1462353920	1426251776	1390968832
817	1499070464	1462353920	1426251776	1390968832
818	1499070464	1462353920	1426251776	1390968832
819	1499070464	1462353920	1426251776	1390968832
820	1499070464	1462353920	1426251776	1390968832
821	1499070464	1462353920	1426251776	1390968832
822	1499070464	1462353920	1426251776	1390968832
823	1499070464	1462353920	1426251776	1390968832
824	1499070464	1462353920	1426251776	1390968832
825	1499070464	1462353920	1426251776	1390968832
826	1499070464	1462353920	1426251776	1390968832
827	1499070464	1462353920	1426251776	1390968832
828	1499070464	1462353920	1426251776	1390968832
829	1499070464	1462353920	1426251776	1390968832
830	1499070464	1462353920	1426251776	1390968832
831	1499070464	1462353920	1426251776	1390968832
832	1499070464	1462353920	1426251776	1390968832
833	1499070464	1462353920	1426251776	1390968832
834	1499070464	1462353920	1426251776	1390968832
835	1499070464	1462353920	1426251776	1390968832
836	1499070464	1462353920	1426251776	1390968832
837	1499070464	1462353920	1426251776	1390968832
838	1499070464	1462353920	1426251776	1390968832
839	1499070464	1462353920	1426251776	1390968832
840	1499070464	1462353920	1426251776	1390968832
841	1499070464	1462353920	1426251776	1390968832
842	1499070464	1462353920	1426251776	1390968832
843	1499070464	1462353920	1426251776	1390968832
844	1499070464	1462353920	1426251776	1390968832
845	1499070464	1462353920	1426251776	1390968832
846	1499070464	1462353920	1426251776	1390968832
847	1499070464	1462353920	1426251776	1390968832
848	1499070464	1462353920	1426251776	1390968832
849	1499070464	1462353920	1426251776	1390968832
850	1499070464	1462353920	1426251776	1390968832
851	1499070464	1462353920	1426251776	1390968832
852	1499070464	1462353920	1426251776	1390968832
853	1499070464	1462353920	1426251776	1390968832
854	1499070464	1462353920	1426251776	1390968832
855	1499070464	1462353920	1426251776	1390968832
856	1499070464	1462353920	1426251776	1390968832
857	1499070464	1462353920	1426251776	1390968832
858	1499070464	1462353920	1426251776	1390968832
859	1499070464	1462353920	1426251776	1390968832
860	1499070464	1462353920	1426251776	1390968832
861	1499070464	1462353920	1426251776	1390968832
862	1499070464	1462353920	1426251776	1390968832
863	1499070464	1462353920	1426251776	1390968832
864	1499070464	1462353920	1426251776	1390968832
865	1499070464	1462353920	1426251776	1390968832
866	1499070464	1462353920	1426251776	1390968832
867	1499070464	1462353920	1426251776	1390968832
868	1499070464	1462353920	1426251776	1390968832
869	1499070464	1462353920	1426251776	1390968832
870	1499070464	1462353920	1426251776	1390968832
871	1499070464	1462353920	1426251776	1390968832
872	1499070464	1462353920	1426251776	1390968832
873	1499070464	1462353920	1426251776	1390968832
874	1499070464	1462353920	1426251776	1390968832
875	1499070464	1462353920	1426251776	1390968832
876	1499070464	1462353920	1426251776	1390968832
877	1499070464	1462353920	1426251776	1390968832
878	1499070464	1462353920	1426251776	1390968832
879	1499070464	1462353920	1426251776	1390968832
880	1499070464	1462353920	1426251776	1390968832
881	1499070464	1462353920	1426251776	1390968832
882	1499070464	1462353920	1426251776	1390968832
883	1499070464	1462353920	1426251776	1390968832
884	1499070464	1462353920	1426251776	1390968832
885	1499070464	1462353920	1426251776	1390968832
886	1499070464	1462353920	1426251776	1390968832
887	1499070464	1462353920	1426251776	1390968832
888	1499070464	1462353920	1426251776	1390968832
889	1499070464	1462353920	1426251776	1390968832
890	1499070464	1462353920	1426251776	1390968832
891	1499070464	1462353920	1426251776	1390968832
892	1499070464	1462353920	1426251776	1390968832
893	1499070464	1462353920	1426251776	1390968832
894	1499070464	1462353920	1426251776	1390968832
895	1499070464	1462353920	1426251776	1390968832
896	1499070464	1462353920	1426251776	1390968832
897	1499070464	1462353920	1426251776	1390968832
898	1499070464	1462353920	1426251776	1390968832
899	1499070464	1462353920	1426251776	1390968832
900	1499070464	1462353920	1426251776	1390968832
901	1499070464	1462353920	1426251776	1390968832
902	1499070464	1462353920	1426251776	1390968832
903	1499070464	1462353920	1426251776	1390968832
904	1499070464	1462353920	1426251776	1390968832
905	1499070464	1462353920	1426251776	1390968832
906	1499070464	1462353920	1426251776	1390968832
907	1499070464	1462353920	1426251776	1390968832
908	1499070464	1462353920	1426251776	1390968832
909	1499070464	1462353920	1426251776	1390968832
910	1499070464	1462353920	1426251776	1390968832
911	1499070464	1462353920	1426251776	1390968832
912	1499070464	1462353920	1426251776	1390968832
913	1499070464	1462353920	1426251776	1390968832
914	1499070464	1462353920	1426251776	1390968832
915	1499070464	1462353920	1426251776	1390968832
916	1499070464	1462353920	1426251776	1390968832
917	1499070464	1462353920	1426251776	1390968832
918	1499070464	1462353920	1426251776	1390968832
919	1499070464	1462353920	1426251776	1390968832
920	1499070464	1462353920	1426251776	1390968832
921	1499070464	1462353920	1426251776	1390968832
922	1499070464	1462353920	1426251776	1390968832
923	1499070464	1462353920	1426251776	1390968832
924	1499070464	1462353920	1426251776	1390968832
925	1499070464	1462353920	1426251776	1390968832
926	1499070464	1462353920	1426251776	1390968832
927	1499070464	1462353920	1426251776	1390968832
928	1499070464	1462353920	1426251776	1390968832
929	1499070464	1462353920	1426251776	1390968832
930	1499070464	1462353920	1426251776	1390968832
931	1499070464	1462353920	1426251776	1390968832
932	1499070464	1462353920	1426251776	1390968832
933	1499070464	1462353920	1426251776	1390968832
934	1499070464	1462353920	1426251776	1390968832
935	1499070464	1462353920	1426251776	1390968832
936	1499070464	1462353920	1426251776	1390968832
937	1499070464	1462353920	1426251776	1390968832
938	1499070464	1462353920	1426251776	1390968832
939	1499070464	1462353920	1426251776	1390968832
940	1499070464	1462353920	1426251776	1390968832
941	1499070464	1462353920	1426251776	1390968832
942	1499070464	1462353920	1426251776	1390968832
943	1499070464	1462353920	1426251776	1390968832
944	1499070464	1462353920	1426251776	1390968832
945	1499070464	1462353920	1426251776	1390968832
946	1499070464	1462353920	1426251776	1390968832
947	1499070464	1462353920	1426251776	1390968832
948	1499070464	1462353920	1426251776	1390968832
949	1499070464	1462353920	1426251776	1390968832
950	1499070464	1462353920	1426251776	1390968832
951	1499070464	1462353920	1426251776	1390968832
952	1499070464	1462353920	1426251776	1390968832
953	1499070464	1462353920	1426251776	1390968832
954	1499070464	1462353920	1426251776	1390968832
955	1499070464	1462353920	1426251776	1390968832
956	1499070464	1462353920	1426251776	1390968832
957	1499070464	1462353920	1426251776	1390968832
958	1499070464	1462353920	1426251776	1390968832
959	1499070464	1462353920	1426251776	1390968832
960	1499070464	1462353920	1426251776	1390968832
961	1499070464	1462353920	1426251776	1390968832
962	1499070464	1462353920	1426251776	1390968832
963	1499070464	1462353920	1426251776	1390968832
964	1499070464	1462353920	1426251776	1390968832
965	1499070464	1462353920	1426251776	1390968832
966	1499070464	1462353920	1426251776	1390968832
967	1499070464	1462353920	1426251776	1390968832
968	1499070464	1462353920	1426251776	1390968832
969	1499070464	1462353920	1426251776	1390968832
970	1499070464	1462353920	1426251776	1390968832
971	1499070464	1462353920	1426251776	1390968832
972	1499070464	1462353920	1426251776	1390968832
973	1499070464	1462353920	1426251776	1390968832
974	1499070464	1462353920	1426251776	1390968832
975	1499070464	1462353920	1426251776	1390968832
976	1499070464	1462353920	1426251776	1390968832
977	1499070464	1462353920	1426251776	1390968832
978	1499070464	1462353920	1426251776	1390968832
979	1499070464	1462353920	1426251776	1390968832
980	1499070464	1462353920	1426251776	1390968832
981	1499070464	1462353920	1426251776	1390968832
982	1499070464	1462353920	1426251776	1390968832
983	1499070464	1462353920	1426251776	1390968832
984	1499070464	1462353920	1426251776	1390968832
985	1499070464	1462353920	1426251776	1390968832
986	1499070464	1462353920	1426251776	1390968832
987	1499070464	1462353920	1426251776	1390968832
988	1499070464	1462353920	1426251776	1390968832
989	1499070464	1462353920	1426251776	1390968832
990	1499070464	1462353920	1426251776	1390968832
991	1499070464	1462353920	1426251776	1390968832
992	1499070464	1462353920	1426251776	1390968832
993	1499070464	1462353920	1426251776	1390968832
994	1499070464	1462353920	1426251776	1390968832
995	1499070464	1462353920	1426251776	1390968832
996	1499070464	1462353920	1426251776	1390968832
997	1499070464	1462353920	1426251776	1390968832
998	1499070464	1462353920	1426251776	1390968832
999	1499070464	1462353920	1426251776	1390968832
1000	1499070464	1462353920	1426251776	1390968832
1001	1499070464	1462353920	1426251776	1390968832
1002	1499070464	1462353920	1426251776	1390968832
1003	1499070464	1462353920	1426251776	1390968832
1004	1499070464	1462353920	1426251776	1390968832
1005	1499070464	1462353920	1426251776	1390968832
1006	1499070464	1462353920	1426251776	1390968832
1007	1499070464	1462353920	1426251776	1390968832
1008	1499070464	1462353920	1426251776	1390968832
1009	1499070464	1462353920	1426251776	1390968832
1010	1499070464	1462353920	1426251776	1390968832
1011	1499070464	1462353920	1426251776	1390968832
1012	1499070464	1462353920	1426251776	1390968832
1013	1499070464	1462353920	1426251776	1390968832
1014	1499070464	1462353920	1426251776	1390968832
1015	1499070464	1462353920	1426251776	1390968832
1016	1499070464	1462353920	1426251776	1390968832
1017	1499070464	1462353920	1426251776	1390968832
1018	1499070464	1462353920	1426251776	1390968832
1019	1499070464	1462353920	1426251776	1390968832
1020	1499070464	1462353920	1426251776	1390968832
1021	1499070464	1462353920	1426251776	1390968832
1022	1499070464	1462353920	1426251776	1390968832
1023	1499070464	1462353920	1426251776	1390968832
1024	1499070464	1462353920	1426251776	1390968832
1025	1499070464	1462353920	1426251776	1390968832
1026	1499070464	1462353920	1426251776	1390968832
1027	1499070464	1462353920	1426251776	1390968832
1028	1499070464	1462353920	1426251776	1390968832
1029	1499070464	1462353920	1426251776	1390968832
1030	1499070464	1462353920	1426251776	1390968832
1031	1499070464	1462353920	1426251776	1390968832
1032	1499070464	1462353920	1426251776	1390968832
1033	1499070464	1462353920	1426251776	1390968832
1034	1499070464	1462353920	1426251776	1390968832
1035	1499070464	1462353920	1426251776	1390968832
1036	1499070464	1462353920	1426251776	1390968832
1037	1499070464	1462353920	1426251776	1390968832
1038	1499070464	1462353920	1426251776	1390968832
1039	1499070464	1462353920	1426251776	1390968832
1040	1499070464	1462353920	1426251776	1390968832
1041	1499070464	1462353920	1426251776	1390968832
1042	1499070464	1462353920	1426251776	1390968832
1043	1499070464	1462353920	1426251776	1390968832
1044	1499070464	1462353920	1426251776	1390968832
1045	1499070464	1462353920	1426251776	1390968832
1046	1499070464	1462353920	1426251776	1390968832
1047	1499070464	1462353920	1426251776	1390968832
1048	1499070464	1462353920	1426251776	1390968832
1049	1499070464	1462353920	1426251776	1390968832
1050	1499070464	1462353920	1426251776	1390968832
1051	1499070464	1462353920	1426251776	1390968832
1052	1499070464	1462353920	1426251776	1390968832
1053	1499070464	1462353920	1426251776	1390968832
1054	1499070464	1462353920	1426251776	1390968832
1055	1499070464	1462353920	1426251776	1390968832
1056	1499070464	1462353920	1426251776	1390968832
1057	1499070464	1462353920	1426251776	1390968832
1058	1499070464	1462353920	1426251776	1390968832
1059	1499070464	1462353920	1426251776	1390968832
1060	1499070464	1462353920	1426251776	1390968832
1061	1499070464	1462353920	1426251776	1390968832
1062	1499070464	1462353920	1426251776	1390968832
1063	1499070464	1462353920	1426251776	1390968832
1064	1499070464	1462353920	1426251776	1390968832
1065	1499070464	1462353920	1426251776	1390968832
1066	1499070464	1462353920	1426251776	1390968832
1067	1499070464	1462353920	1426251776	1390968832
1068	1499070464	1462353920	1426251776	1390968832
1069	1499070464	1462353920	1426251776	1390968832
1070	1499070464	1462353920	1426251776	1390968832
1071	1499070464	1462353920	1426251776	1390968832
1072	1499070464	1462353920	1426251776	1390968832
1073	1499070464	1462353920	1426251776	1390968832
1074	1499070464	1462353920	1426251776	1390968832
1075	1499070464	1462353920	1426251776	1390968832
1076	1499070464	1462353920	1426251776	1390968832
1077	1499070464	1462353920	1426251776	1390968832
1078	1499070464	1462353920	1426251776	1390968832
1079	1499070464	1462353920	1426251776	1390968832
1080	1499070464	1462353920	1426251776	1390968832
1081	1499070464	1462353920	1426251776	1390968832
1082	1499070464	1462353920	1426251776	1390968832
1083	1499070464	1462353920	1426251776	1390968832
1084	1499070464	1462353920	1426251776	1390968832
1085	1499070464	1462353920	1426251776	1390968832
1086	1499070464	1462353920	1426251776	1390968832
1087	1499070464	1462353920	1426251776	1390968832
1088	1499070464	1462353920	1426251776	1390968832
1089	1499070464	1462353920	1426251776	1390968832
1090	1499070464	1462353920	1426251776	1390968832
1091	1499070464	1462353920	1426251776	1390968832
1092	1499070464	1462353920	1426251776	1390968832
1093	1499070464	1462353920	1426251776	1390968832
1094	1499070464	1462353920	1426251776	1390968832
1095	1499070464	1462353920	1426251776	1390968832
1096	1499070464	1462353920	1426251776	1390968832
1097	1499070464	1462353920	1426251776	1390968832
1098	1499070464	1462353920	1426251776	1390968832
1099	1499070464	1462353920	1426251776	1390968832
1100	1499070464	1462353920	1426251776	1390968832
1101	1499070464	1462353920	1426251776	1390968832
1102	1499070464	1462353920	1426251776	1390968832
1103	1499070464	1462353920	1426251776	1390968832
1104	1499070464	1462353920	1426251776	1390968832
1105	1499070464	1462353920	1426251776	1390968832
1106	1499070464	1462353920	1426251776	1390968832
1107	1499070464	1462353920	1426251776	1390968832
1108	1499070464	1462353920	1426251776	1390968832
1109	1499070464	1462353920	1426251776	1390968832
1110	1499070464	1462353920	1426251776	1390968832
1111	1499070464	1462353920	1426251776	1390968832
1112	1499070464	1462353920	1426251776	1390968832
1113	1499070464	1462353920	1426251776	1390968832
1114	1499070464	1462353920	1426251776	1390968832
1115	1499070464	1462353920	1426251776	1390968832
1116	1499070464	1462353920	1426251776	1390968832
1117	1499070464	1462353920	1426251776	1390968832
1118	1499070464	1462353920	1426251776	1390968832
1119	1499070464	1462353920	1426251776	1390968832
1120	1499070464	1462353920	1426251776	1390968832
1121	1499070464	1462353920	1426251776	1390968832
1122	1499070464	1462353920	1426251776	1390968832
1123	1499070464	1462353920	1426251776	1390968832
1124	1499070464	1462353920	1426251776	1390968832
1125	1499070464	1462353920	1426251776	1390968832
1126	1499070464	1462353920	1426251776	1390968832
1127	1499070464	1462353920	1426251776	1390968832
1128	1499070464	1462353920	1426251776	1390968832
1129	1499070464	1462353920	1426251776	1390968832
1130	1499070464	1462353920	1426251776	1390968832
1131	1499070464	1462353920	1426251776	1390968832
1132	1499070464	1462353920	1426251776	1390968832
1133	1499070464	1462353920	1426251776	1390968832
1134	1499070464	1462353920	1426251776	1390968832
1135	1499070464	1462353920	1426251776	1390968832
1136	1499070464	1462353920	1426251776	1390968832
1137	1499070464	1462353920	1426251776	1390968832
1138	1499070464	1462353920	1426251776	1390968832
1139	1499070464	1462353920	1426251776	1390968832
1140	1499070464	1462353920	1426251776	1390968832
1141	1499070464	1462353920	1426251776	1390968832
1142	1499070464	1462353920	1426251776	1390968832
1143	1499070464	1462353920	1426251776	1390968832
1144	1499070464	1462353920	1426251776	1390968832
1145	1499070464	1462353920	1426251776	1390968832
1146	1499070464	1462353920	1426251776	1390968832
1147	1499070464	1462353920	1426251776	1390968832
1148	1499070464	1462353920	1426251776	1390968832
1149	1499070464	1462353920	1426251776	1390968832
1150	1499070464	1462353920	1426251776	1390968832
1151	1499070464	1462353920	1426251776	1390968832
1152	1499070464	1462353920	1426251776	1390968832
1153	1499070464	1462353920	1426251776	1390968832
1154	1499070464	1462353920	1426251776	1390968832
1155	1499070464	1462353920	1426251776	1390968832
1156	1499070464	1462353920	1426251776	1390968832
1157	1499070464	1462353920	1426251776	1390968832
1158	1499070464	1462353920	1426251776	1390968832
1159	1499070464	1462353920	1426251776	1390968832
1160	1499070464	1462353920	1426251776	1390968832
1161	1499070464	1462353920	1426251776	1390968832
1162	1499070464	1462353920	1426251776	1390968832
1163	1499070464	1462353920	1426251776	1390968832
1164	1499070464	1462353920	1426251776	1390968832
1165	1499070464	1462353920	1426251776	1390968832
1166	1499070464	1462353920	1426251776	1390968832
1167	1499070464	1462353920	1426251776	1390968832
1168	1499070464	1462353920	1426251776	1390968832
1169	1499070464	1462353920	1426251776	1390968832
1170	1499070464	1462353920	1426251776	1390968832
1171	1499070464	1462353920	1426251776	1390968832
1172	1499070464	1462353920	1426251776	1390968832
1173	1499070464	1462353920	1426251776	1390968832
1174	1499070464	1462353920	1426251776	1390968832
1175	1499070464	1462353920	1426251776	1390968832
1176	1499070464	1462353920	1426251776	1390968832
1177	1499070464	1462353920	1426251776	1390968832
1178	1499070464	1462353920	1426251776	1390968832
1179	1499070464	1462353920	1426251776	1390968832
1180	1499070464	1462353920	1426251776	1390968832
1181	1499070464	1462353920	1426251776	1390968832
1182	1499070464	1462353920	1426251776	1390968832
1183	1499070464	1462353920	1426251776	1390968832
1184	1499070464	1462353920	1426251776	1390968832
1185	1499070464	1462353920	1426251776	1390968832
1186	1499070464	1462353920	1426251776	1390968832
1187	1499070464	1462353920	1426251776	1390968832
1188	1499070464	1462353920	1426251776	1390968832
1189	1499070464	1462353920	1426251776	1390968832
1190	1499070464	1462353920	1426251776	1390968832
1191	1499070464	1462353920	1426251776	1390968832
1192	1499070464	1462353920	1426251776	1390968832
1193	1499070464	1462353920	1426251776	1390968832
1194	1499070464	1462353920	1426251776	1390968832
1195	1499070464	1462353920	1426251776	1390968832
1196	1499070464	1462353920	1426251776	1390968832
1197	1499070464	1462353920	1426251776	1390968832
1198	1499070464	1462353920	1426251776	1390968832
1199	1499070464	1462353920	1426251776	1390968832
1200	1499070464	1462353920	1426251776	1390968832
1201	1499070464	1462353920	1426251776	1390968832
1202	1499070464	1462353920	1426251776	1390968832
1203	1499070464	1462353920	1426251776	1390968832
1204	1499070464	1462353920	1426251776	1390968832
1205	1499070464	1462353920	1426251776	1390968832
1206	1499070464	1462353920	1426251776	1390968832
1207	1499070464	1462353920	1426251776	1390968832
1208	1499070464	1462353920	1426251776	1390968832
1209	1499070464	1462353920	1426251776	1390968832
1210	1499070464	1462353920	1426251776	1390968832
1211	1499070464	1462353920	1426251776	1390968832
1212	1499070464	1462353920	1426251776	1390968832
1213	1499070464	1462353920	1426251776	1390968832
1214	1499070464	1462353920	1426251776	1390968832
1215	1499070464	1462353920	1426251776	1390968832
1216	1499070464	1462353920	1426251776	1390968832
1217	1499070464	1462353920	1426251776	1390968832
1218	1499070464	1462353920	1426251776	1390968832
1219	1499070464	1462353920	1426251776	1390968832
1220	1499070464	1462353920	1426251776	1390968832
1221	1499070464	1462353920	1426251776	1390968832
1222	1499070464	1462353920	1426251776	1390968832
1223	1499070464	1462353920	1426251776	1390968832
1224	1499070464	1462353920	1426251776	1390968832
1225	1499070464	1462353920	1426251776	1390968832
1226	1499070464	1462353920	1426251776	1390968832
1227	1499070464	1462353920	1426251776	1390968832
1228	1499070464	1462353920	1426251776	1390968832
1229	1499070464	1462353920	1426251776	1390968832
1230	1499070464	1462353920	1426251776	1390968832
1231	1499070464	1462353920	1426251776	1390968832
1232	1499070464	1462353920	1426251776	1390968832
1233	1499070464	1462353920	1426251776	1390968832
1234	1499070464	1462353920	1426251776	1390968832
1235	1499070464	1462353920	1426251776	1390968832
1236	1499070464	1462353920	1426251776	1390968832
1237	1499070464	1462353920	1426251776	1390968832
1238	1499070464	1462353920	1426251776	1390968832
1239	1499070464	1462353920	1426251776	1390968832
1240	1499070464	1462353920	1426251776	1390968832
1241	1499070464	1462353920	1426251776	1390968832
1242	1499070464	1462353920	1426251776	1390968832
1243	1499070464	1462353920	1426251776	1390968832
1244	1499070464	1462353920	1426251776	1390968832
1245	1499070464	1462353920	1426251776	1390968832
1246	1499070464	1462353920	1426251776	1390968832
1247	1499070464	1462353920	1426251776	1390968832
1248	1499070464	1462353920	1426251776	1390968832
1249	1499070464	1462353920	1426251776	1390968832
1250	1499070464	1462353920	1426251776	1390968832
1251	1499070464	1462353920	1426251776	1390968832
1252	1499070464	1462353920	1426251776	1390968832
1253	1499070464	1462353920	1426251776	1390968832
1254	1499070464	1462353920	1426251776	1390968832
1255	1499070464	1462353920	1426251776	1390968832
1256	1499070464	1462353920	1426251776	1390968832
1257	1499070464	1462353920	1426251776	1390968832
1258	1499070464	1462353920	1426251776	1390968832
1259	1499070464	1462353920	1426251776	1390968832
1260	1499070464	1462353920	1426251776	1390968832
1261	1499070464	1462353920	1426251776	1390968832
1262	1499070464	1462353920	1426251776	1390968832
1263	1499070464	1462353920	1426251776	1390968832
1264	1499070464	1462353920	1426251776	1390968832
1265	1499070464	1462353920	1426251776	1390968832
1266	1499070464	1462353920	1426251776	1390968832
1267	1499070464	1462353920	1426251776	1390968832
1268	1499070464	1462353920	1426251776	1390968832
1269	1499070464	1462353920	1426251776	1390968832
1270	1499070464	1462353920	1426251776	1390968832
1271	1499070464	1462353920	1426251776	1390968832
1272	1499070464	1462353920	1426251776	1390968832
1273	1499070464	1462353920	1426251776	1390968832
1274	1499070464	1462353920	1426251776	1390968832
1275	1499070464	1462353920	1426251776	1390968832
1276	1499070464	1462353920	1426251776	1390968832
1277	1499070464	1462353920	1426251776	1390968832
1278	1499070464	1462353920	1426251776	1390968832
1279	1499070464	1462353920	1426251776	1390968832
1280	1499070464	1462353920	1426251776	1390968832
1281	1499070464	1462353920	1426251776	1390968832
1282	1499070464	1462353920	1426251776	1390968832
1283	1499070464	1462353920	1426251776	1390968832
1284	1499070464	1462353920	1426251776	1390968832
1285	1499070464	1462353920	1426251776	1390968832
1286	1499070464	1462353920	1426251776	1390968832
1287	1499070464	1462353920	1426251776	1390968832
1288	1499070464	1462353920	1426251776	1390968832
1289	1499070464	1462353920	1426251776	1390968832
1290	1499070464	1462353920	1426251776	1390968832
1291	1499070464	1462353920	1426251776	1390968832
1292	1499070464	1462353920	1426251776	1390968832
1293	1499070464	1462353920	1426251776	1390968832
1294	1499070464	1462353920	1426251776	1390968832
1295	1499070464	1462353920	1426251776	1390968832
1296	1499070464	1462353920	1426251776	1390968832
1297	1499070464	1462353920	1426251776	1390968832
1298	1499070464	1462353920	1426251776	1390968832
1299	1499070464	1462353920	1426251776	1390968832
1300	1499070464	1462353920	1426251776	1390968832
1301	1499070464	1462353920	1426251776	1390968832
1302	1499070464	1462353920	1426251776	1390968832
1303	1499070464	1462353920	1426251776	1390968832
1304	1499070464	1462353920	1426251776	1390968832
1305	1499070464	1462353920	1426251776	1390968832
1306	1499070464	1462353920	1426251776	1390968832
1307	1499070464	1462353920	1426251776	1390968832
1308	1499070464	1462353920	1426251776	1390968832
1309	1499070464	1462353920	1426251776	1390968832
1310	1499070464	1462353920	1426251776	1390968832
1311	1499070464	1462353920	1426251776	1390968832
1312	1499070464	1462353920	1426251776	1390968832
1313	1499070464	1462353920	1426251776	1390968832
1314	1499070464	1462353920	1426251776	1390968832
1315	1499070464	1462353920	1426251776	1390968832
1316	1499070464	1462353920	1426251776	1390968832
1317	1499070464	1462353920	1426251776	1390968832
1318	1499070464	1462353920	1426251776	1390968832
1319	1499070464	1462353920	1426251776	1390968832
1320	1499070464	1462353920	1426251776	1390968832
1321	1499070464	1462353920	1426251776	1390968832
1322	1499070464	1462353920	1426251776	1390968832
1323	1499070464	1462353920	1426251776	1390968832
1324	1499070464	1462353920	1426251776	1390968832
1325	1499070464	1462353920	1426251776	1390968832
1326	1499070464	1462353920	1426251776	1390968832
1327	1499070464	1462353920	1426251776	1390968832
1328	1499070464	1462353920	1426251776	1390968832
1329	1499070464	1462353920	1426251776	1390968832
1330	1499070464	1462353920	1426251776	1390968832
1331	1499070464	1462353920	1426251776	1390968832
1332	1499070464	1462353920	1426251776	1390968832
1333	1499070464	1462353920	1426251776	1390968832
1334	1499070464	1462353920	1426251776	1390968832
1335	1499070464	1462353920	1426251776	1390968832
1336	1499070464	1462353920	1426251776	1390968832
1337	1499070464	1462353920	1426251776	1390968832
1338	1499070464	1462353920	1426251776	1390968832
1339	1499070464	1462353920	1426251776	1390968832
1340	1499070464	1462353920	1426251776	1390968832
1341	1499070464	1462353920	1426251776	1390968832
1342	1499070464	1462353920	1426251776	1390968832
1343	1499070464	1462353920	1426251776	1390968832
1344	1499070464	1462353920	1426251776	1390968832
1345	1499070464	1462353920	1426251776	1390968832
1346	1499070464	1462353920	1426251776	1390968832
1347	1499070464	1462353920	1426251776	1390968832
1348	1499070464	1462353920	1426251776	1390968832
1349	1499070464	1462353920	1426251776	1390968832
1350	1499070464	1462353920	1426251776	1390968832
1351	1499070464	1462353920	1426251776	1390968832
1352	1499070464	1462353920	1426251776	1390968832
1353	1499070464	1462353920	1426251776	1390968832
1354	1499070464	1462353920	1426251776	1390968832
1355	1499070464	1462353920	1426251776	1390968832
1356	1499070464	1462353920	1426251776	1390968832
1357	1499070464	1462353920	1426251776	1390968832
1358	1499070464	1462353920	1426251776	1390968832
1359	1499070464	1462353920	1426251776	1390968832
1360	1499070464	1462353920	1426251776	1390968832
1361	1499070464	1462353920	1426251776	1390968832
1362	1499070464	1462353920	1426251776	1390968832
1363	1499070464	1462353920	1426251776	1390968832
1364	1499070464	1462353920	1426251776	1390968832
1365	1499070464	1462353920	1426251776	1390968832
1366	1499070464	1462353920	1426251776	1390968832
1367	1499070464	1462353920	1426251776	1390968832
1368	1499070464	1462353920	1426251776	1390968832
1369	1499070464	1462353920	1426251776	1390968832
1370	1499070464	1462353920	1426251776	1390968832
1371	1499070464	1462353920	1426251776	1390968832
1372	1499070464	1462353920	1426251776	1390968832
1373	1499070464	1462353920	1426251776	1390968832
1374	1499070464	1462353920	1426251776	1390968832
1375	1499070464	1462353920	1426251776	1390968832
1376	1499070464	1462353920	1426251776	1390968832
1377	1499070464	1462353920	1426251776	1390968832
1378	1499070464	1462353920	1426251776	1390968832
1379	1499070464	1462353920	1426251776	1390968832
1380	1499070464	1462353920	1426251776	1390968832
1381	1499070464	1462353920	1426251776	1390968832
1382	1499070464	1462353920	1426251776	1390968832
1383	1499070464	1462353920	1426251776	1390968832
1384	1499070464	1462353920	1426251776	1390968832
1385	1499070464	1462353920	1426251776	1390968832
1386	1499070464	1462353920	1426251776	1390968832
1387	1499070464	1462353920	1426251776	1390968832
1388	1499070464	1462353920	1426251776	1390968832
1389	1499070464	1462353920	1426251776	1390968832
1390	1499070464	1462353920	1426251776	1390968832
1391	1499070464	1462353920	1426251776	1390968832
1392	1499070464	1462353920	1426251776	1390968832
1393	1499070464	1462353920	1426251776	1390968832
1394	1499070464	1462353920	1426251776	1390968832
1395	1499070464	1462353920	1426251776	1390968832
1396	1499070464	1462353920	1426251776	1390968832
1397	1499070464	1462353920	1426251776	1390968832
1398	1499070464	1462353920	1426251776	1390968832
1399	1499070464	1462353920	1426251776	1390968832
1400	1499070464	1462353920	1426251776	1390968832
1401	1499070464	1462353920	1426251776	1390968832
1402	1499070464	1462353920	1426251776	1390968832
1403	1499070464	1462353920	1426251776	1390968832
1404	1499070464	1462353920	1426251776	1390968832
1405	1499070464	1462353920	1426251776	1390968832
1406	1499070464	1462353920	1426251776	1390968832
1407	1499070464	1462353920	1426251776	1390968832
1408	1499070464	1462353920	1426251776	1390968832
1409	1499070464	1462353920	1426251776	1390968832
1410	1499070464	1462353920	1426251776	1390968832
1411	1499070464	1462353920	1426251776	1390968832
1412	1499070464	1462353920	1426251776	1390968832
1413	1499070464	1462353920	1426251776	1390968832
1414	1499070464	1462353920	1426251776	1390968832
1415	1499070464	1462353920	1426251776	1390968832
1416	1499070464	1462353920	1426251776	1390968832
1417	1499070464	1462353920	1426251776	1390968832
1418	1499070464	1462353920	1426251776	1390968832
1419	1499070464	1462353920	1426251776	1390968832
1420	1499070464	1462353920	1426251776	1390968832
1421	1499070464	1462353920	1426251776	1390968832
1422	1499070464	1462353920	1426251776	1390968832
1423	1499070464	1462353920	1426251776	1390968832
1424	1499070464	1462353920	1426251776	1390968832
1425	1499070464	1462353920	1426251776	1390968832
1426	1499070464	1462353920	1426251776	1390968832
1427	1499070464	1462353920	1426251776	1390968832
1428	1499070464	1462353920	1426251776	1390968832
1429	1499070464	1462353920	1426251776	1390968832
1430	1499070464	1462353920	1426251776	1390968832
1431	1499070464	1462353920	1426251776	1390968832
1432	1499070464	1462353920	1426251776	1390968832
1433	1499070464	1462353920	1426251776	1390968832
1434	1499070464	1462353920	1426251776	1390968832
1435	1499070464	1462353920	1426251776	1390968832
1436	1499070464	1462353920	1426251776	1390968832
1437	1499070464	1462353920	1426251776	1390968832
1438	1499070464	1462353920	1426251776	1390968832
1439	1499070464	1462353920	1426251776	1390968832
1440	1499070464	1462353920	1426251776	1390968832
1441	1499070464	1462353920	1426251776	1390968832
1442	1499070464	1462353920	1426251776	1390968832
1443	1499070464	1462353920	1426251776	1390968832
1444	1499070464	1462353920	1426251776	1390968832
1445	1499070464	1462353920	1426251776	1390968832
1446	1499070464	1462353920	1426251776	1390968832
1447	1499070464	1462353920	1426251776	1390968832
1448	1499070464	1462353920	1426251776	1390968832
1449	1499070464	1462353920	1426251776	1390968832
1450	1499070464	1462353920	1426251776	1390968832
1451	1499070464	1462353920	1426251776	1390968832
1452	1499070464	1462353920	1426251776	1390968832
1453	1499070464	1462353920	1426251776	1390968832
1454	1499070464	1462353920	1426251776	1390968832
1455	1499070464	1462353920	1426251776	1390968832
1456	1499070464	1462353920	1426251776	1390968832
1457	1499070464	1462353920	1426251776	1390968832
1458	1499070464	1462353920	1426251776	1390968832
1459	1499070464	1462353920	1426251776	1390968832
1460	1499070464	1462353920	1426251776	1390968832
1461	1499070464	1462353920	1426251776	1390968832
1462	1499070464	1462353920	1426251776	1390968832
1463	1499070464	1462353920	1426251776	1390968832
1464	1499070464	1462353920	1426251776	1390968832
1465	1499070464	1462353920	1426251776	1390968832
1466	1499070464	1462353920	1426251776	1390968832
1467	1499070464	1462353920	1426251776	1390968832
1468	1499070464	1462353920	1426251776	1390968832
1469	1499070464	1462353920	1426251776	1390968832
1470	1499070464	1462353920	1426251776	1390968832
1471	1499070464	1462353920	1426251776	1390968832
1472	1499070464	1462353920	1426251776	1390968832
1473	1499070464	1462353920	1426251776	1390968832
1474	1499070464	1462353920	1426251776	1390968832
1475	1499070464	1462353920	1426251776	1390968832
1476	1499070464	1462353920	1426251776	1390968832
1477	1499070464	1462353920	1426251776	1390968832
1478	1499070464	1462353920	1426251776	1390968832
1479	1499070464	1462353920	1426251776	1390968832
1480	1499070464	1462353920	1426251776	1390968832
1481	1499070464	1462353920	1426251776	1390968832
1482	1499070464	1462353920	1426251776	1390968832
1483	1499070464	1462353920	1426251776	1390968832
1484	1499070464	1462353920	1426251776	1390968832
1485	1499070464	1462353920	1426251776	1390968832
1486	1499070464	1462353920	1426251776	1390968832
1487	1499070464	1462353920	1426251776	1390968832
1488	1499070464	1462353920	1426251776	1390968832
1489	1499070464	1462353920	1426251776	1390968832
1490	1499070464	1462353920	1426251776	1390968832
1491	1499070464	1462353920	1426251776	1390968832
1492	1499070464	1462353920	1426251776	1390968832
1493	1499070464	1462353920	1426251776	1390968832
1494	1499070464	1462353920	1426251776	1390968832
1495	1499070464	1462353920	1426251776	1390968832
1496	1499070464	1462353920	1426251776	1390968832
1497	1499070464	1462353920	1426251776	1390968832
1498	1499070464	1462353920	1426251776	1390968832
1499	1499070464	1462353920	1426251776	1390968832
1500	1499070464	1462353920	1426251776	1390968832
1501	1499070464	1462353920	1426251776	1390968832
1502	1499070464	1462353920	1426251776	1390968832
1503	1499070464	1462353920	1426251776	1390968832
1504	1499070464	1462353920	1426251776	1390968832
1505	1499070464	1462353920	1426251776	1390968832
1506	1499070464	1462353920	1426251776	1390968832
1507	1499070464	1462353920	1426251776	1390968832
1508	1499070464	1462353920	1426251776	1390968832
1509	1499070464	1462353920	1426251776	1390968832
1510	1499070464	1462353920	1426251776	1390968832
1511	1499070464	1462353920	1426251776	1390968832
1512	1499070464	1462353920	1426251776	1390968832
1513	1499070464	1462353920	1426251776	1390968832
1514	1499070464	1462353920	1426251776	1390968832
1515	1499070464	1462353920	1426251776	1390968832
1516	1499070464	1462353920	1426251776	1390968832
1517	1499070464	1462353920	1426251776	1390968832
1518	1499070464	1462353920	1426251776	1390968832
1519	1499070464	1462353920	1426251776	1390968832
1520	1499070464	1462353920	1426251776	1390968832
1521	1499070464	1462353920	1426251776	1390968832
1522	1499070464	1462353920	1426251776	1390968832
1523	1499070464	1462353920	1426251776	1390968832
1524	1499070464	1462353920	1426251776	1390968832
1525	1499070464	1462353920	1426251776	1390968832
1526	1499070464	1462353920	1426251776	1390968832
1527	1499070464	1462353920	1426251776	1390968832
1528	1499070464	1462353920	1426251776	1390968832
1529	1499070464	1462353920	1426251776	1390968832
1530	1499070464	1462353920	1426251776	1390968832
1531	1499070464	1462353920	1426251776	1390968832
1532	1499070464	1462353920	1426251776	1390968832
1533	1499070464	1462353920	1426251776	1390968832
1534	1499070464	1462353920	1426251776	1390968832
1535	1499070464	1462353920	1426251776	1390968832
1536	1499070464	1462353920	1426251776	1390968832
1537	1499070464	1462353920	1426251776	1390968832
1538	1499070464	1462353920	1426251776	1390968832
1539	1499070464	1462353920	1426251776	1390968832
1540	1499070464	1462353920	1426251776	1390968832
1541	1499070464	1462353920	1426251776	1390968832
1542	1499070464	1462353920	1426251776	1390968832
1543	1499070464	1462353920	1426251776	1390968832
1544	1499070464	1462353920	1426251776	1390968832
1545	1499070464	1462353920	1426251776	1390968832
1546	1499070464	1462353920	1426251776	1390968832
1547	1499070464	1462353920	1426251776	1390968832
1548	1499070464	1462353920	1426251776	1390968832
1549	1499070464	1462353920	1426251776	1390968832
1550	1499070464	1462353920	1426251776	1390968832
1551	1499070464	1462353920	1426251776	1390968832
1552	1499070464	1462353920	1426251776	1390968832
1553	1499070464	1462353920	1426251776	1390968832
1554	1499070464	1462353920	1426251776	1390968832
1555	1499070464	1462353920	1426251776	1390968832
1556	1499070464	1462353920	1426251776	1390968832
1557	1499070464	1462353920	1426251776	1390968832
1558	1499070464	1462353920	1426251776	1390968832
1559	1499070464	1462353920	1426251776	1390968832
1560	1499070464	1462353920	1426251776	1390968832
1561	1499070464	1462353920	1426251776	1390968832
1562	1499070464	1462353920	1426251776	1390968832
1563	1499070464	1462353920	1426251776	1390968832
1564	1499070464	1462353920	1426251776	1390968832
1565	1499070464	1462353920	1426251776	1390968832
1566	1499070464	1462353920	1426251776	1390968832
1567	1499070464	1462353920	1426251776	1390968832
1568	1499070464	1462353920	1426251776	1390968832
1569	1499070464	1462353920	1426251776	1390968832
1570	1499070464	1462353920	1426251776	1390968832
1571	1499070464	1462353920	1426251776	1390968832
1572	1499070464	1462353920	1426251776	1390968832
1573	1499070464	1462353920	1426251776	1390968832
1574	1499070464	1462353920	1426251776	1390968832
1575	1499070464	1462353920	1426251776	1390968832
1576	1499070464	1462353920	1426251776	1390968832
1577	1499070464	1462353920	1426251776	1390968832
1578	1499070464	1462353920	1426251776	1390968832
1579	1499070464	1462353920	1426251776	1390968832
1580	1499070464	1462353920	1426251776	1390968832
1581	1499070464	1462353920	1426251776	1390968832
1582	1499070464	1462353920	1426251776	1390968832
1583	1499070464	1462353920	1426251776	1390968832
1584	1499070464	1462353920	1426251776	1390968832
1585	1499070464	1462353920	1426251776	1390968832
1586	1499070464	1462353920	1426251776	1390968832
1587	1499070464	1462353920	1426251776	1390968832
1588	1499070464	1462353920	1426251776	1390968832
1589	1499070464	1462353920	1426251776	1390968832
1590	1499070464	1462353920	1426251776	1390968832
1591	1499070464	1462353920	1426251776	1390968832
1592	1499070464	1462353920	1426251776	1390968832
1593	1499070464	1462353920	1426251776	1390968832
1594	1499070464	1462353920	1426251776	1390968832
1595	1499070464	1462353920	1426251776	1390968832
1596	1499070464	1462353920	1426251776	1390968832
1597	1499070464	1462353920	1426251776	1390968832
1598	1499070464	1462353920	1426251776	1390968832
1599	1499070464	1462353920	1426251776	1390968832
