;몹번호	한글이름	영문이름	레벨	생명력	마나	최소공격력	최대공격력	방어력	최소마법력	최대마법력	마법방어력	경험치	최대실드	전리확률	전리 Lv 제한	보너스 경험치	공격거리	방어범위	원호범위	이동범위	공격성향	원호성향	공격 방법	대기 딜레이	이동속도	추적 속도	공격속도	리셋 시간	최소 개체수	몬스터 속성	최소 턴	최대 턴	특수 공격 종류	특수 공격 레벨	생성 Effect 종류	죽음 Effect 종류	몬스터공격속성
1	L1.비홀더	L1.비홀더	1	16	5	5	8	0	0	0	3	4	15	40	11	0	2	2	0	0	2	0	0	0	0	1	0	30	40	0	0	0	0	0	0	0	0
201	L2.비홀더	L2.비홀더	2	18	10	8	14	0	0	0	4	5	16	40	12	0	2	2	0	0	2	0	0	0	0	1	0	30	40	0	0	0	0	0	0	0	0
301	L3.비홀더	L3.비홀더	3	20	11	9	16	0	0	0	5	6	17	41	13	0	2	2	0	0	2	0	0	0	0	1	0	30	40	0	0	0	0	0	0	0	0
401	L4.비홀더	L4.비홀더	4	22	13	10	18	0	0	0	6	7	18	42	14	0	2	2	0	0	2	0	0	0	0	1	0	30	40	0	0	0	0	0	0	0	0
501	L5.비홀더	L5.비홀더	5	25	15	11	20	0	0	0	7	8	19	43	15	0	2	2	0	0	2	0	0	0	0	1	0	30	40	0	0	0	0	0	0	0	0
601	B.비홀더	B.비홀더	5	50	30	22	40	0	0	0	12	16	30	89	15	0	2	2	0	0	2	0	0	0	0	2	0	180	2	0	0	0	0	0	0	0	0
2	L6.카니발렛	L6.카니발렛	6	28	10	10	13	0	0	0	8	9	27	40	16	0	2	2	0	0	2	0	0	0	0	1	0	30	40	0	0	0	0	0	0	0	0
202	L7.카니발렛	L7.카니발렛	7	31	11	11	15	0	0	0	9	10	30	40	17	0	2	2	0	0	2	0	0	0	0	1	0	30	40	0	0	0	0	0	0	0	0
302	L8.카니발렛	L8.카니발렛	8	34	12	12	17	0	0	0	10	11	33	40	18	0	2	2	0	0	2	0	0	0	0	1	0	30	40	0	0	0	0	0	0	0	0
402	L9.카니발렛	L9.카니발렛	9	38	14	14	19	0	0	0	11	12	36	40	19	0	2	2	0	0	2	0	0	0	0	1	0	30	40	0	0	0	0	0	0	0	0
502	L10.카니발렛	L10.카니발렛	10	42	16	16	21	0	0	0	12	14	40	40	20	0	2	2	0	0	2	0	0	0	0	1	0	30	40	0	0	0	0	0	0	0	0
602	B.카니발렛	B.카니발렛	10	84	32	32	42	0	0	0	24	28	80	89	20	0	4	4	0	0	4	0	0	0	0	2	0	180	2	0	0	0	0	0	0	0	0
3	L11.해츨링	L11.해츨링	11	45	16	0	0	3	17	27	14	18	45	40	21	4	8	8	5	0	4	2	0	0	0	1	0	40	40	0	0	0	0	0	0	0	1
203	L12.해츨링	L12.해츨링	12	49	18	0	0	4	19	30	16	20	49	40	22	4	8	8	5	0	4	2	0	0	0	1	0	40	40	0	0	0	0	0	0	0	1
303	L13.해츨링	L13.해츨링	13	53	20	0	0	5	21	33	18	22	53	40	23	5	8	8	5	0	4	2	0	0	0	1	0	40	40	0	0	0	0	0	0	0	1
403	L14.해츨링	L14.해츨링	14	58	22	0	0	6	23	36	20	24	58	40	24	5	8	8	5	0	4	2	0	0	0	1	0	40	40	0	0	0	0	0	0	0	1
503	L15.해츨링	L15.해츨링	15	63	24	0	0	7	25	39	22	26	63	40	25	6	8	8	5	0	4	2	0	0	0	1	0	40	40	0	0	0	0	0	0	0	1
603	B.해츨링	B.해츨링	15	126	48	0	0	14	50	78	44	52	126	89	25	21	8	8	5	0	4	2	0	0	0	1	0	200	2	0	0	0	0	0	0	0	1
4	L16.좀비독	L16.좀비독	16	71	23	29	36	4	0	0	9	30	69	40	26	0	2	8	5	0	2	2	0	0	0	1	1	40	40	0	0	0	0	0	0	0	0
204	L17.좀비독	L17.좀비독	17	76	25	32	39	5	0	0	10	33	74	40	27	0	2	8	5	0	2	2	0	0	0	1	1	40	40	0	0	0	0	0	0	0	0
304	L18.좀비독	L18.좀비독	18	82	27	35	42	6	0	0	11	36	80	40	28	0	2	8	5	0	2	2	0	0	0	1	1	40	40	0	0	0	0	0	0	0	0
404	L19.좀비독	L19.좀비독	19	88	29	38	45	7	0	0	12	39	86	40	29	0	2	8	5	0	2	2	0	0	0	1	1	40	40	0	0	0	0	0	0	0	0
504	L20.좀비독	L20.좀비독	20	95	32	41	49	8	0	0	13	42	93	40	30	0	2	8	5	0	2	2	0	0	0	1	1	40	40	0	0	0	0	0	0	0	0
604	B.좀비독	B.좀비독	20	190	64	82	98	16	0	0	26	84	186	89	30	0	2	8	5	0	2	2	0	0	0	1	1	200	2	0	0	0	0	0	0	0	0
5	L21.이블독	L21.이블독	21	112	35	44	54	5	0	0	14	48	107	40	31	0	2	8	5	0	4	30	0	0	0	1	1	40	40	0	0	0	0	0	0	0	0
205	L22.이블독	L22.이블독	22	119	38	47	58	6	0	0	15	51	114	43	32	0	2	8	5	0	4	30	0	0	0	1	1	40	40	0	0	0	0	0	0	0	0
305	L23.이블독	L23.이블독	23	127	41	50	62	7	0	0	16	55	121	46	33	0	2	8	5	0	4	30	0	0	0	1	1	40	40	0	0	0	0	0	0	0	0
405	L24.이블독	L24.이블독	24	135	44	53	66	8	0	0	17	59	129	49	34	0	2	8	5	0	4	30	0	0	0	1	1	40	40	0	0	0	0	0	0	0	0
505	L25.이블독	L25.이블독	25	144	47	57	70	9	0	0	19	63	137	52	35	0	2	8	5	0	4	30	0	0	0	1	1	40	40	0	0	0	0	0	0	0	0
605	B.이블독	B.이블독	25	288	94	114	140	18	0	0	38	126	274	89	35	0	2	8	5	0	4	30	0	0	0	1	1	200	2	0	0	0	0	0	0	0	0
6	L26.고블린	L26.고블린	26	164	49	63	77	8	0	0	20	71	149	40	36	0	2	8	0	0	2	0	0	0	0	1	0	40	40	0	0	0	0	0	0	0	0
206	L27.고블린	L27.고블린	27	173	52	67	81	9	0	0	21	75	157	40	37	0	2	8	0	0	2	0	0	0	0	1	0	40	40	0	0	0	0	0	0	0	0
306	L28.고블린	L28.고블린	28	182	55	71	86	10	0	0	23	79	165	40	38	0	2	8	0	0	2	0	0	0	0	1	0	40	40	0	0	0	0	0	0	0	0
406	L29.고블린	L29.고블린	29	192	58	75	91	11	0	0	25	83	174	40	39	0	2	8	0	0	2	0	0	0	0	1	0	40	40	0	0	0	0	0	0	0	0
506	L30.고블린	L30.고블린	30	202	61	79	96	12	0	0	27	88	183	40	40	0	2	8	0	0	2	0	0	0	0	1	0	40	40	0	0	0	0	0	0	0	0
606	B.고블린	B.고블린	30	404	122	158	192	24	0	0	54	176	366	89	40	0	2	8	0	0	2	0	0	0	0	1	0	200	2	0	0	0	0	0	0	0	0
7	L31.고블린랜서	L31.고블린랜서	31	224	68	87	103	11	0	0	27	112	216	40	41	0	3	8	5	0	4	2	0	0	0	1	1	50	40	0	0	0	0	0	0	0	0
207	L32.고블린랜서	L32.고블린랜서	32	233	71	91	108	12	0	0	29	117	225	40	42	0	3	8	5	0	4	2	0	0	0	1	1	50	40	0	0	0	0	0	0	0	0
307	L33.고블린랜서	L33.고블린랜서	33	243	74	95	113	13	0	0	31	122	234	40	43	0	3	8	5	0	4	2	0	0	0	1	1	50	40	0	0	0	0	0	0	0	0
407	L34.고블린랜서	L34.고블린랜서	34	253	77	99	118	14	0	0	33	127	244	40	44	0	3	8	5	0	4	2	0	0	0	1	1	50	40	0	0	0	0	0	0	0	0
507	L35.고블린랜서	L35.고블린랜서	35	264	81	103	123	15	0	0	35	133	254	40	45	0	3	8	5	0	4	2	0	0	0	1	1	50	40	0	0	0	0	0	0	0	0
607	B.고블린랜서	B.고블린랜서	35	528	162	206	246	30	0	0	70	266	508	89	45	0	3	8	5	0	4	2	0	0	0	1	1	300	2	0	0	0	0	0	0	0	0
8	L36.킹비홀더	L36.킹비홀더	36	293	88	114	137	16	0	0	35	148	285	40	46	0	2	10	8	0	4	2	0	0	0	1	0	50	40	0	0	0	0	0	0	0	0
208	L37.킹비홀더	L37.킹비홀더	37	302	91	118	142	17	0	0	37	153	294	40	47	0	2	10	8	0	4	2	0	0	0	1	0	50	40	0	0	0	0	0	0	0	0
308	L38.킹비홀더	L38.킹비홀더	38	312	94	122	147	18	0	0	39	158	303	40	48	0	2	10	8	0	4	2	0	0	0	1	0	50	40	0	0	0	0	0	0	0	0
408	L39.킹비홀더	L39.킹비홀더	39	322	97	126	152	19	0	0	41	163	313	40	49	0	2	10	8	0	4	2	0	0	0	1	0	50	40	0	0	0	0	0	0	0	0
508	L40.킹비홀더	L40.킹비홀더	40	332	100	130	157	20	0	0	43	168	323	40	50	0	2	10	8	0	4	2	0	0	0	1	0	50	40	0	0	0	0	0	0	0	0
608	B.킹비홀더	B.킹비홀더	40	664	200	260	314	40	0	0	86	336	646	89	50	0	2	10	8	0	4	2	0	0	0	1	0	300	2	0	0	0	0	0	0	0	0
9	L41.오크	L41.오크	41	408	122	139	167	22	0	0	45	188	348	40	51	0	2	2	0	0	2	0	0	0	0	1	0	50	40	0	0	0	0	0	0	0	0
209	L42.오크	L42.오크	42	417	125	142	171	23	0	0	46	192	355	40	52	0	2	2	0	0	2	0	0	0	0	1	0	50	40	0	0	0	0	0	0	0	0
309	L43.오크	L43.오크	43	426	128	145	175	24	0	0	47	196	363	40	53	0	2	2	0	0	2	0	0	0	0	1	0	50	40	0	0	0	0	0	0	0	0
409	L44.오크	L44.오크	44	435	131	148	179	25	0	0	48	200	371	40	54	0	2	2	0	0	2	0	0	0	0	1	0	50	40	0	0	0	0	0	0	0	0
509	L45.오크	L45.오크	45	444	134	151	183	26	0	0	49	204	379	40	55	0	2	2	0	0	2	0	0	0	0	1	0	50	40	0	0	0	0	0	0	0	0
609	B.오크	B.오크	45	888	268	302	366	52	0	0	98	408	758	89	55	0	2	2	0	0	2	0	0	0	0	1	0	300	2	0	0	0	0	0	0	0	0
10	L46.오크아처	L46.오크아처	46	481	158	163	191	26	0	0	53	222	427	39	56	0	8	12	8	0	4	2	0	0	0	1	0	50	40	0	0	0	0	0	0	0	0
210	L47.오크아처	L47.오크아처	47	486	160	165	193	27	0	0	54	225	432	39	57	0	8	12	8	0	4	2	0	0	0	1	0	50	40	0	0	0	0	0	0	0	0
310	L48.오크아처	L48.오크아처	48	491	162	167	195	28	0	0	55	228	437	39	58	0	8	12	8	0	4	2	0	0	0	1	0	50	40	0	0	0	0	0	0	0	0
410	L49.오크아처	L49.오크아처	49	496	164	169	197	29	0	0	56	231	442	39	59	0	8	12	8	0	4	2	0	0	0	1	0	50	40	0	0	0	0	0	0	0	0
510	L50.오크아처	L50.오크아처	50	501	166	171	199	30	0	0	57	234	447	39	60	0	8	12	8	0	4	2	0	0	0	1	0	50	40	0	0	0	0	0	0	0	0
610	B.오크아처	B.오크아처	50	1002	332	342	398	60	0	0	114	468	894	89	60	0	8	12	8	0	4	2	0	0	0	1	0	300	2	0	0	0	0	0	0	0	0
11	L51.홉고블린	L51.홉고블린	51	657	193	176	214	34	0	0	58	254	467	39	61	0	2	8	8	0	4	2	0	0	0	1	1	50	40	0	0	0	0	0	0	0	0
211	L52.홉고블린	L52.홉고블린	52	664	195	178	217	35	0	0	59	257	472	39	62	0	2	8	8	0	4	2	0	0	0	1	1	50	40	0	0	0	0	0	0	0	0
311	L53.홉고블린	L53.홉고블린	53	671	197	180	220	36	0	0	60	260	477	39	63	0	2	8	8	0	4	2	0	0	0	1	1	50	40	0	0	0	0	0	0	0	0
411	L54.홉고블린	L54.홉고블린	54	678	199	182	223	37	0	0	61	263	482	39	64	0	2	8	8	0	4	2	0	0	0	1	1	50	40	0	0	0	0	0	0	0	0
511	L55.홉고블린	L55.홉고블린	55	685	201	184	226	38	0	0	62	266	487	39	65	0	2	8	8	0	4	2	0	0	0	1	1	50	40	0	0	0	0	0	0	0	0
611	B.홉고블린	B.홉고블린	55	1370	402	368	452	76	0	0	124	532	974	89	65	0	2	8	8	0	4	2	0	0	0	1	1	300	2	0	0	0	0	0	0	0	0
12	L61.좀비	L61.좀비	61	919	268	202	240	36	0	0	68	329	561	39	71	0	2	2	5	0	2	30	0	0	0	1	1	50	40	0	0	0	0	0	0	0	0
212	L62.좀비	L62.좀비	62	929	271	205	243	37	0	0	69	333	567	39	72	0	2	2	5	0	2	30	0	0	0	1	1	50	40	0	0	0	0	0	0	0	0
312	L63.좀비	L63.좀비	63	939	274	208	246	38	0	0	70	337	573	39	73	0	2	2	5	0	2	30	0	0	0	1	1	50	40	0	0	0	0	0	0	0	0
412	L64.좀비	L64.좀비	64	949	277	211	249	39	0	0	71	341	579	39	74	0	2	2	5	0	2	30	0	0	0	1	1	50	40	0	0	0	0	0	0	0	0
512	L65.좀비	L65.좀비	65	959	280	214	252	40	0	0	72	345	585	39	75	0	2	2	5	0	2	30	0	0	0	1	1	50	40	0	0	0	0	0	0	0	0
612	B.좀비	B.좀비	65	1918	560	428	504	80	0	0	144	690	1170	89	75	0	2	2	5	0	2	30	0	0	0	1	1	300	2	0	0	0	0	0	0	0	0
13	L66.웨어울프	L66.웨어울프	66	930	271	215	255	37	0	0	79	375	645	39	76	0	2	8	8	0	4	2	0	0	0	1	2	50	40	0	0	0	0	0	0	0	0
213	L67.웨어울프	L67.웨어울프	67	940	274	218	258	38	0	0	80	379	652	39	77	0	2	8	8	0	4	2	0	0	0	1	2	50	40	0	0	0	0	0	0	0	0
313	L68.웨어울프	L68.웨어울프	68	950	277	221	261	39	0	0	81	383	659	39	78	0	2	8	8	0	4	2	0	0	0	1	2	50	40	0	0	0	0	0	0	0	0
413	L69.웨어울프	L69.웨어울프	69	960	280	224	264	40	0	0	82	387	666	39	79	0	2	8	8	0	4	2	0	0	0	1	2	50	40	0	0	0	0	0	0	0	0
513	L70.웨어울프	L70.웨어울프	70	970	283	227	267	41	0	0	83	391	673	39	80	0	2	8	8	0	4	2	0	0	0	1	2	50	40	0	0	0	0	0	0	0	0
613	B.웨어울프	B.웨어울프	70	1940	566	454	534	82	0	0	166	782	1346	89	80	0	2	8	8	0	4	2	0	0	0	1	2	300	2	0	0	0	0	0	0	0	0
14	L71.스켈레톤	L71.스켈레톤	71	1084	315	233	280	42	0	0	89	435	723	39	81	0	2	2	5	0	2	30	0	0	0	1	1	50	40	0	0	0	0	0	0	0	0
214	L72.스켈레톤	L72.스켈레톤	72	1095	319	236	283	43	0	0	90	440	731	39	82	0	2	2	5	0	2	30	0	0	0	1	1	50	40	0	0	0	0	0	0	0	0
314	L73.스켈레톤	L73.스켈레톤	73	1106	323	239	286	44	0	0	91	445	739	39	83	0	2	2	5	0	2	30	0	0	0	1	1	50	40	0	0	0	0	0	0	0	0
414	L74.스켈레톤	L74.스켈레톤	74	1118	327	242	289	45	0	0	92	450	747	39	84	0	2	2	5	0	2	30	0	0	0	1	1	50	40	0	0	0	0	0	0	0	0
514	L75.스켈레톤	L75.스켈레톤	75	1130	331	245	292	46	0	0	93	455	755	39	85	0	2	2	5	0	2	30	0	0	0	1	1	50	40	0	0	0	0	0	0	0	0
614	B.스켈레톤	B.스켈레톤	75	2260	662	490	584	92	0	0	186	910	1510	89	85	0	2	2	5	0	2	30	0	0	0	1	1	300	2	0	0	0	0	0	0	0	0
15	L76.스톤골렘	L76.스톤골렘	76	1149	367	256	306	44	0	0	110	515	820	39	86	0	2	2	0	0	4	0	0	0	0	1	0	50	40	0	0	0	0	0	0	0	0
215	L77.스톤골렘	L77.스톤골렘	77	1161	371	259	310	45	0	0	112	521	829	39	87	0	2	2	0	0	4	0	0	0	0	1	0	50	40	0	0	0	0	0	0	0	0
315	L78.스톤골렘	L78.스톤골렘	78	1173	375	262	314	46	0	0	114	527	838	39	88	0	2	2	0	0	4	0	0	0	0	1	0	50	40	0	0	0	0	0	0	0	0
415	L79.스톤골렘	L79.스톤골렘	79	1185	379	265	318	47	0	0	116	533	847	39	89	0	2	2	0	0	4	0	0	0	0	1	0	50	40	0	0	0	0	0	0	0	0
515	L80.스톤골렘	L80.스톤골렘	80	1197	383	268	322	48	0	0	118	539	856	39	90	0	2	2	0	0	4	0	0	0	0	1	0	50	40	0	0	0	0	0	0	0	0
615	B.스톤골렘	B.스톤골렘	80	2394	766	536	644	96	0	0	236	1078	1712	89	90	0	2	2	0	0	4	0	0	0	0	1	0	300	2	0	0	0	0	0	0	0	0
16	L81.스켈레톤랜서	L81.스켈레톤랜서	81	1379	399	270	320	47	0	0	128	599	927	39	91	0	3	10	8	0	4	30	0	0	0	1	1	50	40	0	0	0	0	0	0	0	0
216	L82.스켈레톤랜서	L82.스켈레톤랜서	82	1393	403	273	324	48	0	0	130	605	937	39	92	0	3	10	8	0	4	30	0	0	0	1	1	50	40	0	0	0	0	0	0	0	0
316	L83.스켈레톤랜서	L83.스켈레톤랜서	83	1407	408	276	328	49	0	0	132	612	947	39	93	0	3	10	8	0	4	30	0	0	0	1	1	50	40	0	0	0	0	0	0	0	0
416	L84.스켈레톤랜서	L84.스켈레톤랜서	84	1422	413	279	332	50	0	0	134	619	957	39	94	0	3	10	8	0	4	30	0	0	0	1	1	50	40	0	0	0	0	0	0	0	0
516	L85.스켈레톤랜서	L85.스켈레톤랜서	85	1437	418	282	336	51	0	0	136	626	967	39	95	0	3	10	8	0	4	30	0	0	0	1	1	50	40	0	0	0	0	0	0	0	0
616	B.스켈레톤랜서	B.스켈레톤랜서	85	2874	836	564	672	102	0	0	272	1252	1934	89	95	0	3	10	8	0	4	30	0	0	0	1	1	300	2	0	0	0	0	0	0	0	0
17	L56.피라니아	L56.피라니아	56	577	721	189	238	31	0	0	62	287	507	39	66	0	2	8	5	0	4	2	0	0	0	1	1	50	40	0	0	0	0	0	0	0	0
217	L57.피라니아	L57.피라니아	57	583	729	191	241	32	0	0	63	290	513	39	67	0	2	8	5	0	4	2	0	0	0	1	1	50	40	0	0	0	0	0	0	0	0
317	L58.피라니아	L58.피라니아	58	589	737	193	244	33	0	0	64	293	519	39	68	0	2	8	5	0	4	2	0	0	0	1	1	50	40	0	0	0	0	0	0	0	0
417	L59.피라니아	L59.피라니아	59	595	745	195	247	34	0	0	65	296	525	39	69	0	2	8	5	0	4	2	0	0	0	1	1	50	40	0	0	0	0	0	0	0	0
517	L60.피라니아	L60.피라니아	60	601	753	197	250	35	0	0	66	299	531	39	70	0	2	8	5	0	4	2	0	0	0	1	1	50	40	0	0	0	0	0	0	0	0
617	B.피라니아	B.피라니아	60	1202	1506	394	500	70	0	0	132	598	1062	89	70	0	2	8	5	0	4	2	0	0	0	1	1	300	2	0	0	0	0	0	0	0	0
18	L86.스켈레톤리더	L86.스켈레톤리더	86	1144	1557	284	342	50	0	0	115	686	1088	38	96	0	3	10	8	0	4	30	0	0	0	1	2	50	40	0	0	0	0	0	0	0	0
218	L87.스켈레톤리더	L87.스켈레톤리더	87	1156	1573	287	346	51	0	0	117	693	1099	38	97	0	3	10	8	0	4	30	0	0	0	1	2	50	40	0	0	0	0	0	0	0	0
318	L88.스켈레톤리더	L88.스켈레톤리더	88	1168	1589	290	350	52	0	0	119	700	1110	38	98	0	3	10	8	0	4	30	0	0	0	1	2	50	40	0	0	0	0	0	0	0	0
418	L89.스켈레톤리더	L89.스켈레톤리더	89	1180	1605	293	354	53	0	0	121	707	1122	38	99	0	3	10	8	0	4	30	0	0	0	1	2	50	40	0	0	0	0	0	0	0	0
518	L90.스켈레톤리더	L90.스켈레톤리더	90	1192	1622	296	358	54	0	0	123	715	1134	38	100	0	3	10	8	0	4	30	0	0	0	1	2	50	40	0	0	0	0	0	0	0	0
618	B.스켈레톤리더	B.스켈레톤리더	90	2384	3244	592	716	108	0	0	246	1430	2268	89	100	0	3	10	8	0	2	30	0	0	0	1	2	300	2	0	0	0	0	0	0	0	0
19	L91.마그마골렘	L91.마그마골렘	91	1452	419	301	360	53	0	0	131	785	1256	38	101	0	2	10	0	0	4	0	0	0	0	1	0	50	40	0	0	0	0	0	0	0	0
219	L92.마그마골렘	L92.마그마골렘	92	1466	423	304	364	54	0	0	133	793	1268	38	102	0	2	10	0	0	4	0	0	0	0	1	0	50	40	0	0	0	0	0	0	0	0
319	L93.마그마골렘	L93.마그마골렘	93	1480	427	307	368	55	0	0	135	801	1280	38	103	0	2	10	0	0	4	0	0	0	0	1	0	50	40	0	0	0	0	0	0	0	0
419	L94.마그마골렘	L94.마그마골렘	94	1494	431	310	372	56	0	0	137	809	1292	38	104	0	2	10	0	0	4	0	0	0	0	1	0	50	40	0	0	0	0	0	0	0	0
519	L95.마그마골렘	L95.마그마골렘	95	1508	435	313	376	57	0	0	139	817	1304	38	105	0	2	10	0	0	4	0	0	0	0	1	0	50	40	0	0	0	0	0	0	0	0
619	B.마그마골렘	B.마그마골렘	95	3016	870	626	752	114	0	0	278	1634	2608	89	105	0	2	10	0	0	2	0	0	0	0	1	0	300	2	0	0	0	0	0	0	0	0
20	L96.아이스골렘	L96.아이스골렘	96	1477	426	317	375	57	0	0	132	897	1400	38	106	0	2	5	0	0	4	0	0	0	0	1	0	50	40	0	0	0	0	0	0	0	0
220	L97.아이스골렘	L97.아이스골렘	97	1491	430	320	379	58	0	0	134	906	1413	38	107	0	2	5	0	0	4	0	0	0	0	1	0	50	40	0	0	0	0	0	0	0	0
320	L98.아이스골렘	L98.아이스골렘	98	1505	434	323	383	59	0	0	136	915	1426	38	108	0	2	5	0	0	4	0	0	0	0	1	0	50	40	0	0	0	0	0	0	0	0
420	L99.아이스골렘	L99.아이스골렘	99	1519	438	326	387	60	0	0	138	924	1439	38	109	0	2	5	0	0	4	0	0	0	0	1	0	50	40	0	0	0	0	0	0	0	0
520	L100.아이스골렘	L100.아이스골렘	100	1533	442	329	391	61	0	0	140	933	1452	38	110	0	2	5	0	0	4	0	0	0	0	1	0	50	40	0	0	0	0	0	0	0	0
620	B.아이스골렘	B.아이스골렘	100	3066	884	658	782	122	0	0	280	1866	2904	89	110	0	2	5	0	0	4	0	0	0	0	1	0	300	2	0	0	0	0	0	0	0	0
21	L101.세티로스	L101.세티로스	101	1668	475	370	427	80	0	0	150	1056	1600	38	111	0	2	12	5	0	4	2	0	0	0	1	0	50	40	0	0	0	0	0	0	0	0
221	L102.세티로스	L102.세티로스	102	1682	479	373	431	81	0	0	152	1065	1615	38	112	0	2	12	5	0	4	2	0	0	0	1	0	50	40	0	0	0	0	0	0	0	0
321	L103.세티로스	L103.세티로스	103	1696	483	376	435	82	0	0	154	1074	1630	38	113	0	2	12	5	0	4	2	0	0	0	1	0	50	40	0	0	0	0	0	0	0	0
421	L104.세티로스	L104.세티로스	104	1710	487	380	439	83	0	0	156	1083	1645	38	114	0	2	12	5	0	4	2	0	0	0	1	0	50	40	0	0	0	0	0	0	0	0
521	L105.세티로스	L105.세티로스	105	1724	491	384	443	84	0	0	158	1092	1660	38	115	0	2	12	5	0	4	2	0	0	0	1	0	50	40	0	0	0	0	0	0	0	0
621	B.세티로스	B.세티로스	105	3448	982	768	886	168	0	0	316	2184	3320	89	115	0	2	12	5	0	4	2	0	0	0	1	0	300	2	0	0	0	0	0	0	0	0
22	L106.오우거	L106.오우거	106	1829	485	391	458	86	0	0	153	1195	1842	38	116	0	2	5	0	0	4	0	0	0	0	1	1	50	40	0	0	0	0	0	0	0	0
222	L107.오우거	L107.오우거	107	1844	489	395	462	87	0	0	155	1205	1859	38	117	0	2	5	0	0	4	0	0	0	0	1	1	50	40	0	0	0	0	0	0	0	0
322	L108.오우거	L108.오우거	108	1859	493	399	466	88	0	0	157	1215	1876	38	118	0	2	5	0	0	4	0	0	0	0	1	1	50	40	0	0	0	0	0	0	0	0
422	L109.오우거	L109.오우거	109	1874	497	403	470	89	0	0	159	1225	1893	38	119	0	2	5	0	0	4	0	0	0	0	1	1	50	40	0	0	0	0	0	0	0	0
522	L110.오우거	L110.오우거	110	1889	501	407	474	90	0	0	161	1235	1911	38	120	0	2	5	0	0	4	0	0	0	0	1	1	50	40	0	0	0	0	0	0	0	0
622	B.오우거	B.오우거	110	3778	1002	814	948	180	0	0	322	2470	3822	89	120	0	2	5	0	0	4	0	0	0	0	1	1	300	2	0	0	0	0	0	0	0	0
23	L111.사이클롭스	L111.사이클롭스	111	1971	491	409	472	90	0	0	156	1415	2321	38	121	0	2	8	8	0	4	2	0	0	0	1	1	50	40	0	0	0	0	0	0	0	0
223	L112.사이클롭스	L112.사이클롭스	112	1985	495	412	476	91	0	0	158	1425	2342	38	122	0	2	8	8	0	4	2	0	0	0	1	1	50	40	0	0	0	0	0	0	0	0
323	L113.사이클롭스	L113.사이클롭스	113	1999	499	415	480	92	0	0	160	1435	2364	38	123	0	2	8	8	0	4	2	0	0	0	1	1	50	40	0	0	0	0	0	0	0	0
423	L114.사이클롭스	L114.사이클롭스	114	2013	503	418	484	93	0	0	162	1446	2386	38	124	0	2	8	8	0	4	2	0	0	0	1	1	50	40	0	0	0	0	0	0	0	0
523	L115.사이클롭스	L115.사이클롭스	115	2028	507	421	488	94	0	0	164	1457	2408	38	125	0	2	8	8	0	4	2	0	0	0	1	1	50	40	0	0	0	0	0	0	0	0
623	B.사이클롭스	B.사이클롭스	115	4056	1014	842	976	188	0	0	328	2914	4816	89	125	0	2	8	8	0	4	2	0	0	0	1	1	300	2	0	0	0	0	0	0	0	0
24	L116.트롤키메라	L116.트롤키메라	116	2101	496	429	502	96	0	0	160	1621	2711	37	126	0	2	10	8	0	4	2	0	0	0	1	1	50	40	0	0	0	0	0	0	0	0
224	L117.트롤키메라	L117.트롤키메라	117	2116	500	433	506	97	0	0	162	1633	2736	37	127	0	2	10	8	0	4	2	0	0	0	1	1	50	40	0	0	0	0	0	0	0	0
324	L118.트롤키메라	L118.트롤키메라	118	2131	504	437	510	98	0	0	164	1645	2761	37	128	0	2	10	8	0	4	2	0	0	0	1	1	50	40	0	0	0	0	0	0	0	0
424	L119.트롤키메라	L119.트롤키메라	119	2146	508	441	514	99	0	0	166	1657	2786	37	129	0	2	10	8	0	4	2	0	0	0	1	1	50	40	0	0	0	0	0	0	0	0
524	L120.트롤키메라	L120.트롤키메라	120	2162	512	445	518	100	0	0	168	1669	2812	37	130	0	2	10	8	0	4	2	0	0	0	1	1	50	40	0	0	0	0	0	0	0	0
624	B.트롤키메라	B.트롤키메라	120	4324	1024	890	1036	200	0	0	336	3338	5624	89	130	0	2	10	8	0	4	2	0	0	0	1	1	300	2	0	0	0	0	0	0	0	0
25	L121.아이스나이츠	L121.아이스나이츠	121	2220	499	0	0	100	435	470	224	1882	3013	37	131	82	8	10	5	0	2	2	0	0	0	1	1	50	40	0	0	0	0	0	0	0	1
225	L122.아이스나이츠	L122.아이스나이츠	122	2234	502	0	0	101	438	473	226	1894	3032	37	132	83	8	10	5	0	2	2	0	0	0	1	1	50	40	0	0	0	0	0	0	0	1
325	L123.아이스나이츠	L123.아이스나이츠	123	2248	506	0	0	102	441	476	228	1906	3051	37	133	84	8	10	5	0	2	2	0	0	0	1	1	50	40	0	0	0	0	0	0	0	1
425	L124.아이스나이츠	L124.아이스나이츠	124	2262	510	0	0	103	444	479	230	1918	3070	37	134	85	8	10	5	0	2	2	0	0	0	1	1	50	40	0	0	0	0	0	0	0	1
525	L125.아이스나이츠	L125.아이스나이츠	125	2276	514	0	0	104	447	482	232	1930	3089	37	135	85	8	10	5	0	2	2	0	0	0	1	1	50	40	0	0	0	0	0	0	0	1
625	B.아이스나이츠	B.아이스나이츠	125	4552	1028	0	0	208	894	964	464	3860	6178	89	135	171	8	10	5	0	2	2	0	0	0	1	1	300	2	0	0	0	0	0	0	0	1
26	L126.아이스나이츠리더	L126.아이스나이츠리더	126	2132	2715	0	0	115	507	555	261	2165	3322	37	136	90	8	10	8	0	4	2	0	0	0	1	2	50	40	0	0	0	0	0	0	0	1
226	L127.아이스나이츠리더	L127.아이스나이츠리더	127	2145	2732	0	0	116	511	559	263	2178	3342	37	137	91	8	10	8	0	4	2	0	0	0	1	2	50	40	0	0	0	0	0	0	0	1
326	L128.아이스나이츠리더	L128.아이스나이츠리더	128	2158	2749	0	0	117	515	563	265	2192	3363	37	138	92	8	10	8	0	4	2	0	0	0	1	2	50	40	0	0	0	0	0	0	0	1
426	L129.아이스나이츠리더	L129.아이스나이츠리더	129	2171	2766	0	0	118	519	567	267	2206	3384	37	139	93	8	10	8	0	4	2	0	0	0	1	2	50	40	0	0	0	0	0	0	0	1
526	L130.아이스나이츠리더	L130.아이스나이츠리더	130	2185	2783	0	0	119	523	571	269	2220	3405	37	140	94	8	10	8	0	4	2	0	0	0	1	2	50	40	0	0	0	0	0	0	0	1
626	B.아이스나이츠리더	B.아이스나이츠리더	130	4370	5566	0	0	238	1046	1142	538	4440	6810	89	140	187	8	10	8	0	4	2	0	0	0	1	2	300	2	0	0	0	0	0	0	0	1
27	L131.하피	L131.하피	131	2615	523	498	572	118	0	0	177	2516	3600	37	141	0	3	10	10	0	4	2	0	0	0	1	2	50	40	0	0	0	0	0	0	0	0
227	L132.하피	L132.하피	132	2629	526	501	575	119	0	0	178	2529	3618	37	142	0	3	10	10	0	4	2	0	0	0	1	2	50	40	0	0	0	0	0	0	0	0
327	L133.하피	L133.하피	133	2643	529	504	578	120	0	0	179	2542	3637	37	143	0	3	10	10	0	4	2	0	0	0	1	2	50	40	0	0	0	0	0	0	0	0
427	L134.하피	L134.하피	134	2657	532	507	581	121	0	0	180	2555	3656	37	144	0	3	10	10	0	4	2	0	0	0	1	2	50	40	0	0	0	0	0	0	0	0
527	L135.하피	L135.하피	135	2671	535	510	584	122	0	0	181	2568	3675	37	145	0	3	10	10	0	4	2	0	0	0	1	2	50	40	0	0	0	0	0	0	0	0
627	B.하피	B.하피	135	5342	1070	1020	1168	244	0	0	362	5136	7350	89	145	0	3	10	10	0	4	2	0	0	0	1	2	300	2	0	0	0	0	0	0	0	0
28	L136.서큐버스	L136.서큐버스	136	2768	523	0	0	124	531	553	243	2812	4012	37	146	107	3	10	10	0	4	2	0	0	0	1	2	50	40	0	0	0	0	0	0	0	1
228	L137.서큐버스	L137.서큐버스	137	2782	526	0	0	125	534	556	245	2827	4033	37	147	108	3	10	10	0	4	2	0	0	0	0	0	50	40	0	0	0	0	0	0	0	1
328	L138.서큐버스	L138.서큐버스	138	2796	529	0	0	126	537	559	247	2842	4054	37	148	109	3	10	10	0	4	2	0	0	0	0	0	50	40	0	0	0	0	0	0	0	1
428	L139.서큐버스	L139.서큐버스	139	2810	532	0	0	127	540	562	249	2857	4075	37	149	110	3	10	10	0	4	2	0	0	0	0	0	50	40	0	0	0	0	0	0	0	1
528	L140.서큐버스	L140.서큐버스	140	2825	535	0	0	128	543	565	251	2872	4096	37	150	111	3	10	10	0	4	2	0	0	0	0	0	50	40	0	0	0	0	0	0	0	1
628	B.서큐버스	B.서큐버스	140	5650	1070	0	0	256	1086	1130	502	5744	8192	89	150	222	3	10	10	0	4	2	0	0	0	0	0	300	2	0	0	0	0	0	0	0	1
29	L151.와이번	L151.와이번	151	3289	590	0	0	151	574	600	268	3442	4829	37	161	183	10	10	10	0	4	2	0	0	0	1	2	50	40	0	0	0	0	0	0	0	1
229	L152.와이번	L152.와이번	152	3299	592	0	0	152	576	602	269	3453	4844	37	162	185	10	10	10	0	4	2	0	0	0	1	2	50	40	0	0	0	0	0	0	0	1
329	L153.와이번	L153.와이번	153	3309	594	0	0	153	578	604	270	3464	4859	37	163	187	10	10	10	0	4	2	0	0	0	1	2	50	40	0	0	0	0	0	0	0	1
429	L154.와이번	L154.와이번	154	3319	596	0	0	154	580	606	271	3475	4874	37	164	188	10	10	10	0	4	2	0	0	0	1	2	50	40	0	0	0	0	0	0	0	1
529	L155.와이번	L155.와이번	155	3329	598	0	0	155	582	608	272	3486	4889	37	165	190	10	10	10	0	4	2	0	0	0	1	2	50	40	0	0	0	0	0	0	0	1
629	B.와이번	B.와이번	155	6658	1196	0	0	310	1164	1216	544	6972	9778	89	165	380	10	10	10	0	4	2	0	0	0	1	2	300	2	0	0	0	0	0	0	0	1
30	구아구아 챔피언	구아구아 챔피언	110	8238	2448	1119	1566	194	0	0	266	7884	16000	89	120	0	5	10	10	0	4	2	0	0	0	1	2	600		0	0	0	0	0	0	0	0
31	D196.그레이트뱃	D196.그레이트뱃	196	5775	1898	1067	1124	249	0	0	458	6026	8366	40	206	0	2	8	8	0	4	2	0	0	0	1	1	50	40	0	0	0	0	0	0	0	0
231	D197.그레이트뱃	D197.그레이트뱃	197	5793	1904	1071	1128	250	0	0	460	6045	8392	40	207	0	2	8	8	0	4	2	0	0	0	1	1	50	40	0	0	0	0	0	0	0	0
331	D198.그레이트뱃	D198.그레이트뱃	198	5811	1910	1075	1132	251	0	0	462	6064	8418	40	208	0	2	8	8	0	4	2	0	0	0	1	1	50	40	0	0	0	0	0	0	0	0
431	D199.그레이트뱃	D199.그레이트뱃	199	5829	1916	1079	1136	252	0	0	464	6083	8444	40	209	0	2	8	8	0	4	2	0	0	0	1	1	50	40	0	0	0	0	0	0	0	0
531	D200.그레이트뱃	D200.그레이트뱃	200	5847	1922	1083	1140	253	0	0	466	6102	8470	40	210	0	2	8	8	0	4	2	0	0	0	1	1	50	40	0	0	0	0	0	0	0	0
631	DB.그레이트뱃	DB.그레이트뱃	200	11694	3844	2166	2280	506	0	0	932	12204	16940	89	210	0	2	8	8	0	4	2	0	0	0	1	1	300	2	0	0	0	0	0	0	0	0
32	D201.가고일	D201.가고일	201	4860	1594	0	0	254	1093	1143	414	6218	8634	40	211	248	8	8	6	0	4	2	0	0	0	1	1	50	40	0	0	0	0	0	0	0	1
232	D202.가고일	D202.가고일	202	4875	1599	0	0	255	1097	1147	416	6237	8660	40	212	250	8	8	6	0	4	2	0	0	0	1	1	50	40	0	0	0	0	0	0	0	1
332	D203.가고일	D203.가고일	203	4890	1604	0	0	256	1101	1151	418	6256	8686	40	213	253	8	8	6	0	4	2	0	0	0	1	1	50	40	0	0	0	0	0	0	0	1
432	D204.가고일	D204.가고일	204	4905	1609	0	0	257	1105	1155	420	6275	8713	40	214	255	8	8	6	0	4	2	0	0	0	1	1	50	40	0	0	0	0	0	0	0	1
532	D205.가고일	D205.가고일	205	4920	1614	0	0	258	1109	1159	422	6294	8740	40	215	258	8	8	6	0	4	2	0	0	0	1	1	50	40	0	0	0	0	0	0	0	1
632	DB.가고일	DB.가고일	205	9840	3228	0	0	516	2218	2318	844	12588	17480	89	215	515	8	8	6	0	4	2	0	0	0	1	1	300	2	0	0	0	0	0	0	0	1
33	D206.그레이울프	D206.그레이울프	206	4660	1446	1116	1315	203	0	0	432	6344	8807	40	216	0	2	8	8	0	4	2	0	0	0	1	1	50	40	0	0	0	0	0	0	0	0
233	D207.그레이울프	D207.그레이울프	207	4674	1451	1120	1319	204	0	0	434	6364	8834	40	217	0	2	8	8	0	4	2	0	0	0	1	1	50	40	0	0	0	0	0	0	0	0
333	D208.그레이울프	D208.그레이울프	208	4689	1456	1124	1323	205	0	0	436	6384	8861	40	218	0	2	8	8	0	4	2	0	0	0	1	1	50	40	0	0	0	0	0	0	0	0
433	D209.그레이울프	D209.그레이울프	209	4704	1461	1128	1327	206	0	0	438	6404	8888	40	219	0	2	8	8	0	4	2	0	0	0	1	1	50	40	0	0	0	0	0	0	0	0
533	D210.그레이울프	D210.그레이울프	210	4719	1466	1132	1331	207	0	0	440	6424	8915	40	220	0	2	8	8	0	4	2	0	0	0	1	1	50	40	0	0	0	0	0	0	0	0
633	DB.그레이울프	DB.그레이울프	210	9438	2932	2264	2662	414	0	0	880	12848	17830	89	220	0	2	8	8	0	4	2	0	0	0	1	1	300	2	0	0	0	0	0	0	0	0
34	L141.자이언트 앤트	L141.자이언트 앤트	141	3015	586	578	664	140	0	0	176	3066	4496	37	151	0	2	8	4	0	4	2	0	0	0	1	1	50	40	0	0	0	0	0	0	0	0
234	L142.자이언트 앤트	L142.자이언트 앤트	142	3028	589	581	667	141	0	0	177	3079	4514	37	152	0	2	8	4	0	4	2	0	0	0	1	1	50	40	0	0	0	0	0	0	0	0
334	L143.자이언트 앤트	L143.자이언트 앤트	143	3041	592	584	670	142	0	0	178	3092	4533	37	153	0	2	8	4	0	4	2	0	0	0	1	1	50	40	0	0	0	0	0	0	0	0
434	L144.자이언트 앤트	L144.자이언트 앤트	144	3054	595	587	673	143	0	0	179	3105	4552	37	154	0	2	8	4	0	4	2	0	0	0	1	1	50	40	0	0	0	0	0	0	0	0
534	L145.자이언트 앤트	L145.자이언트 앤트	145	3067	598	590	676	144	0	0	180	3118	4571	37	155	0	2	8	4	0	4	2	0	0	0	1	1	50	40	0	0	0	0	0	0	0	0
634	B.자이언트 앤트	B.자이언트 앤트	145	6134	1196	1180	1352	288	0	0	360	6236	9142	89	155	0	2	8	4	0	4	2	0	0	0	1	1	300	2	0	0	0	0	0	0	0	0
35	L156.레드터틀	L156.레드터틀	156	3248	598	631	731	147	0	0	178	3514	4927	37	166	0	2	8	6	0	4	2	0	0	0	1	1	50	40	0	0	0	0	0	0	0	0
235	L157.레드터틀	L157.레드터틀	157	3258	600	633	734	148	0	0	179	3525	4942	37	167	0	2	8	6	0	4	2	0	0	0	1	1	50	40	0	0	0	0	0	0	0	0
335	L158.레드터틀	L158.레드터틀	158	3268	602	635	737	149	0	0	180	3536	4957	37	168	0	2	8	6	0	4	2	0	0	0	1	1	50	40	0	0	0	0	0	0	0	0
435	L159.레드터틀	L159.레드터틀	159	3278	604	637	740	150	0	0	181	3547	4972	37	169	0	2	8	6	0	4	2	0	0	0	1	1	50	40	0	0	0	0	0	0	0	0
535	L160.레드터틀	L160.레드터틀	160	3288	606	639	743	151	0	0	182	3558	4987	37	170	0	2	8	6	0	4	2	0	0	0	1	1	50	40	0	0	0	0	0	0	0	0
635	B.레드터틀	B.레드터틀	160	6576	1212	1278	1486	302	0	0	364	7116	9974	89	170	0	2	8	6	0	4	2	0	0	0	1	1	300	2	0	0	0	0	0	0	0	0
36	L146.스웰라	L146.스웰라	146	2407	3008	615	696	143	0	0	191	3356	4713	37	156	0	2	8	7	0	4	2	0	0	0	1	1	50	40	0	0	0	0	0	0	0	0
236	L147.스웰라	L147.스웰라	147	2417	3021	618	699	144	0	0	192	3370	4732	37	157	0	2	8	7	0	4	2	0	0	0	1	1	50	40	0	0	0	0	0	0	0	0
336	L148.스웰라	L148.스웰라	148	2427	3034	621	702	145	0	0	193	3384	4751	37	158	0	2	8	7	0	4	2	0	0	0	1	1	50	40	0	0	0	0	0	0	0	0
436	L149.스웰라	L149.스웰라	149	2437	3047	624	705	146	0	0	194	3398	4771	37	159	0	2	8	7	0	4	2	0	0	0	1	1	50	40	0	0	0	0	0	0	0	0
536	L150.스웰라	L150.스웰라	150	2447	3060	627	708	147	0	0	195	3412	4791	37	160	0	2	8	7	0	4	2	0	0	0	1	1	50	40	0	0	0	0	0	0	0	0
636	B.스웰라	B.스웰라	150	4894	6120	1254	1416	294	0	0	390	6824	9582	89	160	0	2	8	7	0	4	2	0	0	0	1	1	300	2	0	0	0	0	0	0	0	0
37	L166.비어드피쉬	L166.비어드피쉬	166	2931	3386	713	805	166	0	0	207	3656	5120	36	176	0	3	8	10	0	4	2	0	0	0	1	1	50	40	0	0	0	0	0	0	0	0
237	L167.비어드피쉬	L167.비어드피쉬	167	2937	3393	715	807	167	0	0	208	3664	5131	36	177	0	3	8	10	0	4	2	0	0	0	1	1	50	40	0	0	0	0	0	0	0	0
337	L168.비어드피쉬	L168.비어드피쉬	168	2943	3400	717	809	168	0	0	209	3672	5142	36	178	0	3	8	10	0	4	2	0	0	0	1	1	50	40	0	0	0	0	0	0	0	0
437	L169.비어드피쉬	L169.비어드피쉬	169	2949	3407	719	811	169	0	0	210	3680	5153	36	179	0	3	8	10	0	4	2	0	0	0	1	1	50	40	0	0	0	0	0	0	0	0
537	L170.비어드피쉬	L170.비어드피쉬	170	2955	3414	721	813	170	0	0	211	3688	5164	36	180	0	3	8	10	0	4	2	0	0	0	1	1	50	40	0	0	0	0	0	0	0	0
637	B.비어드피쉬	B.비어드피쉬	170	5910	6828	1442	1626	340	0	0	422	7376	10328	89	180	0	3	8	10	0	4	2	0	0	0	1	1	300	2	0	0	0	0	0	0	0	0
38	171.블루터틀	171.블루터틀	171	4061	687	748	846	169	0	0	212	3716	5193	36	181	0	2	8	6	0	4	2	0	0	0	1	1	50	40	0	0	0	0	0	0	0	0
238	172.블루터틀	172.블루터틀	172	4066	688	749	847	170	0	0	213	3720	5199	36	182	0	2	8	6	0	4	2	0	0	0	1	1	50	40	0	0	0	0	0	0	0	0
338	173.블루터틀	173.블루터틀	173	4071	689	750	848	171	0	0	214	3724	5205	36	183	0	2	8	6	0	4	2	0	0	0	1	1	50	40	0	0	0	0	0	0	0	0
438	174.블루터틀	174.블루터틀	174	4076	690	751	849	172	0	0	215	3728	5211	36	184	0	2	8	6	0	4	2	0	0	0	1	1	50	40	0	0	0	0	0	0	0	0
538	175.블루터틀	175.블루터틀	175	4081	691	752	850	173	0	0	216	3732	5217	36	185	0	2	8	6	0	4	2	0	0	0	1	1	50	40	0	0	0	0	0	0	0	0
638	B.블루터틀	B.블루터틀	175	8162	1382	1504	1700	346	0	0	432	7464	10434	89	185	0	2	8	6	0	4	2	0	0	0	1	1	300	2	0	0	0	0	0	0	0	0
39	D211.트렌트	D211.트렌트	211	6020	1016	1133	1298	209	0	0	274	6411	8897	40	221	0	7	8	9	0	4	2	0	0	0	1	1	50	40	0	0	0	0	0	0	0	0
239	D212.트렌트	D212.트렌트	212	6039	1020	1137	1302	210	0	0	275	6431	8924	40	222	0	7	8	9	0	4	2	0	0	0	1	1	50	40	0	0	0	0	0	0	0	0
339	D213.트렌트	D213.트렌트	213	6058	1024	1141	1306	211	0	0	276	6451	8951	40	223	0	7	8	9	0	4	2	0	0	0	1	1	50	40	0	0	0	0	0	0	0	0
439	D214.트렌트	D214.트렌트	214	6077	1028	1145	1310	212	0	0	277	6471	8978	40	224	0	7	8	9	0	4	2	0	0	0	1	1	50	40	0	0	0	0	0	0	0	0
539	D215.트렌트	D215.트렌트	215	6096	1032	1149	1314	213	0	0	278	6491	9005	40	225	0	7	8	9	0	4	2	0	0	0	1	1	50	40	0	0	0	0	0	0	0	0
639	DB.트렌트	DB.트렌트	215	12192	2064	2298	2628	426	0	0	556	12982	18010	89	225	0	7	8	9	0	4	2	0	0	0	1	1	300	2	0	0	0	0	0	0	0	0
40	D216.위치	D216.위치	216	9830	1585	0	0	242	1174	1234	440	6479	8987	40	226	307	10	8	10	0	4	2	0	0	0	1	1	120	40	0	0	0	0	0	0	0	1
240	D217.위치	D217.위치	217	9860	1590	0	0	243	1178	1238	442	6499	9014	40	227	310	10	8	10	0	4	2	0	0	0	1	1	120	40	0	0	0	0	0	0	0	1
340	D218.위치	D218.위치	218	9890	1595	0	0	244	1182	1242	444	6519	9042	40	228	313	10	8	10	0	4	2	0	0	0	1	1	120	40	0	0	0	0	0	0	0	1
440	D219.위치	D219.위치	219	9920	1600	0	0	245	1186	1246	446	6539	9070	40	229	316	10	8	10	0	4	2	0	0	0	1	1	120	40	0	0	0	0	0	0	0	1
540	D220.위치	D220.위치	220	9950	1605	0	0	246	1190	1250	448	6559	9098	40	230	319	10	8	10	0	4	2	0	0	0	1	1	120	40	0	0	0	0	0	0	0	1
640	DB.위치	DB.위치	220	19900	3210	0	0	492	2380	2500	896	13118	18196	89	230	638	10	8	10	0	4	2	0	0	0	1	1	360	2	0	0	0	0	0	0	0	1
41	D226.리치	D226.리치	226	7561	8188	0	0	269	1256	1336	489	6614	9176	40	236	368	10	8	10	0	4	2	0	0	0	1	1	120	40	0	0	0	0	0	0	0	1
241	D227.리치	D227.리치	227	7584	8213	0	0	270	1260	1341	491	6634	9204	40	237	372	10	8	10	0	4	2	0	0	0	1	1	120	40	0	0	0	0	0	0	0	1
341	D228.리치	D228.리치	228	7607	8238	0	0	271	1264	1346	493	6654	9232	40	238	375	10	8	10	0	4	2	0	0	0	1	1	120	40	0	0	0	0	0	0	0	1
441	D229.리치	D229.리치	229	7630	8263	0	0	272	1268	1351	495	6674	9260	40	239	379	10	8	10	0	4	2	0	0	0	1	1	120	40	0	0	0	0	0	0	0	1
541	D230.리치	D230.리치	230	7653	8288	0	0	273	1272	1356	497	6695	9288	40	240	383	10	8	10	0	4	2	0	0	0	1	1	120	40	0	0	0	0	0	0	0	1
641	DB.리치	DB.리치	230	15306	16576	0	0	546	2544	2712	994	13390	18576	89	240	765	10	8	10	0	4	2	0	0	0	1	1	360	2	0	0	0	0	0	0	0	1
42	L191.어스엘리멘탈	L191.어스엘리멘탈	191	6758	798	970	1081	211	0	0	223	3998	5553	36	201	0	3	8	4	0	4	2	0	0	0	1	1	120	40	0	0	0	0	0	0	0	0
242	L192.어스엘리멘탈	L192.어스엘리멘탈	192	6765	799	971	1083	212	0	0	224	4002	5559	36	202	0	3	8	4	0	4	2	0	0	0	1	1	120	40	0	0	0	0	0	0	0	0
342	L193.어스엘리멘탈	L193.어스엘리멘탈	193	6772	800	972	1085	213	0	0	225	4007	5565	36	203	0	3	8	4	0	4	2	0	0	0	1	1	120	40	0	0	0	0	0	0	0	0
442	L194.어스엘리멘탈	L194.어스엘리멘탈	194	6779	801	973	1087	214	0	0	226	4012	5571	36	204	0	3	8	4	0	4	2	0	0	0	1	1	120	40	0	0	0	0	0	0	0	0
542	L195.어스엘리멘탈	L195.어스엘리멘탈	195	6786	802	974	1089	215	0	0	227	4017	5577	36	205	0	3	8	4	0	4	2	0	0	0	1	1	120	40	0	0	0	0	0	0	0	0
642	B.어스엘리멘탈	B.어스엘리멘탈	195	13572	1604	1948	2178	430	0	0	454	8034	11154	89	205	0	3	8	4	0	4	2	0	0	0	1	1	360	2	0	0	0	0	0	0	0	0
43	D221.벤쉬	D221.벤쉬	221	7477	8291	0	0	252	1197	1263	465	6546	9081	40	231	406	8	8	8	0	4	2	0	0	0	1	1	120	40	0	0	0	0	0	0	0	1
243	D222.벤쉬	D222.벤쉬	222	7500	8316	0	0	253	1201	1267	467	6566	9109	40	232	410	8	8	8	0	4	2	0	0	0	1	1	120	40	0	0	0	0	0	0	0	1
343	D223.벤쉬	D223.벤쉬	223	7523	8341	0	0	254	1205	1271	469	6586	9137	40	233	414	8	8	8	0	4	2	0	0	0	1	1	120	40	0	0	0	0	0	0	0	1
443	D224.벤쉬	D224.벤쉬	224	7546	8367	0	0	255	1209	1275	471	6606	9165	40	234	419	8	8	8	0	4	2	0	0	0	1	1	120	40	0	0	0	0	0	0	0	1
543	D225.벤쉬	D225.벤쉬	225	7569	8393	0	0	256	1213	1279	473	6626	9193	40	235	423	8	8	8	0	4	2	0	0	0	1	1	120	40	0	0	0	0	0	0	0	1
643	DB.벤쉬	DB.벤쉬	225	15138	16786	0	0	512	2426	2558	946	13252	18386	89	235	845	8	8	8	0	4	2	0	0	0	1	1	360	2	0	0	0	0	0	0	0	1
44	L161.바포메트	L161.바포메트	161	2315	456	679	781	147	0	0	189	3582	5023	36	171	0	3	8	8	0	4	2	0	0	0	1	1	120	40	0	0	0	0	0	0	0	0
244	L162.바포메트	L162.바포메트	162	2320	457	681	783	148	0	0	190	3590	5034	36	172	0	3	8	8	0	4	2	0	0	0	1	1	120	40	0	0	0	0	0	0	0	0
344	L163.바포메트	L163.바포메트	163	2325	458	683	785	149	0	0	191	3598	5045	36	173	0	3	8	8	0	4	2	0	0	0	1	1	120	40	0	0	0	0	0	0	0	0
444	L164.바포메트	L164.바포메트	164	2330	459	685	787	150	0	0	192	3606	5056	36	174	0	3	8	8	0	4	2	0	0	0	1	1	120	40	0	0	0	0	0	0	0	0
544	L165.바포메트	L165.바포메트	165	2335	460	687	789	151	0	0	193	3614	5067	36	175	0	3	8	8	0	4	2	0	0	0	1	1	120	40	0	0	0	0	0	0	0	0
644	B.바포메트	B.바포메트	165	4670	920	1374	1578	302	0	0	386	7228	10134	89	175	0	3	8	8	0	4	2	0	0	0	1	1	360	2	0	0	0	0	0	0	0	0
45	P256.구울	P256.구울	256	8368	1302	1627	1755	327	0	0	483	7036	9758	40	266	0	3	8	5	0	4	2	0	0	0	1	1	120	40	0	0	0	0	0	0	0	0
245	P257.구울	P257.구울	257	8394	1306	1632	1761	328	0	0	485	7058	9788	40	267	0	3	8	5	0	4	2	0	0	0	1	1	120	40	0	0	0	0	0	0	0	0
345	P258.구울	P258.구울	258	8420	1310	1637	1767	329	0	0	487	7080	9818	40	268	0	3	8	5	0	4	2	0	0	0	1	1	120	40	0	0	0	0	0	0	0	0
445	P259.구울	P259.구울	259	8446	1314	1642	1773	330	0	0	489	7102	9848	40	269	0	3	8	5	0	4	2	0	0	0	1	1	120	40	0	0	0	0	0	0	0	0
545	P260.구울	P260.구울	260	8472	1318	1647	1779	331	0	0	491	7124	9878	40	270	0	3	8	5	0	4	2	0	0	0	1	1	120	40	0	0	0	0	0	0	0	0
645	P.구울	P.구울	260	16944	2636	3294	3558	662	0	0	982	14248	19756	89	270	0	3	8	5	0	4	2	0	0	0	1	1	360	2	0	0	0	0	0	0	0	0
46	P241.그리폰	P241.그리폰	241	7192	1174	1379	1479	287	0	0	415	6820	9461	40	251	0	3	8	6	0	4	2	0	0	0	1	1	120	40	0	0	0	0	0	0	0	0
246	P242.그리폰	P242.그리폰	242	7214	1178	1384	1484	288	0	0	417	6841	9490	40	252	0	3	8	6	0	4	2	0	0	0	1	1	120	40	0	0	0	0	0	0	0	0
346	P243.그리폰	P243.그리폰	243	7236	1182	1389	1489	289	0	0	419	6862	9519	40	253	0	3	8	6	0	4	2	0	0	0	1	1	120	40	0	0	0	0	0	0	0	0
446	P244.그리폰	P244.그리폰	244	7258	1186	1394	1494	290	0	0	421	6883	9548	40	254	0	3	8	6	0	4	2	0	0	0	1	1	120	40	0	0	0	0	0	0	0	0
546	P245.그리폰	P245.그리폰	245	7280	1190	1399	1499	291	0	0	423	6904	9577	40	255	0	3	8	6	0	4	2	0	0	0	1	1	120	40	0	0	0	0	0	0	0	0
646	PB.그리폰	PB.그리폰	245	14560	2380	2798	2998	582	0	0	846	13808	19154	89	255	0	3	8	6	0	4	2	0	0	0	1	1	360	2	0	0	0	0	0	0	0	0
47	L186.포미안워리어	L186.포미안워리어	186	6551	763	911	1002	200	0	0	201	3924	5453	36	196	0	3	8	5	0	4	2	0	0	0	1	1	120	40	0	0	0	0	0	0	0	0
247	L187.포미안워리어	L187.포미안워리어	187	6558	764	912	1004	201	0	0	202	3928	5459	36	197	0	3	8	5	0	4	2	0	0	0	1	1	120	40	0	0	0	0	0	0	0	0
347	L188.포미안워리어	L188.포미안워리어	188	6565	765	913	1006	202	0	0	203	3932	5465	36	198	0	3	8	5	0	4	2	0	0	0	1	1	120	40	0	0	0	0	0	0	0	0
447	L189.포미안워리어	L189.포미안워리어	189	6572	766	914	1008	203	0	0	204	3936	5471	36	199	0	3	8	5	0	4	2	0	0	0	1	1	120	40	0	0	0	0	0	0	0	0
547	L190.포미안워리어	L190.포미안워리어	190	6579	767	915	1010	204	0	0	205	3940	5477	36	200	0	3	8	5	0	4	2	0	0	0	1	1	120	40	0	0	0	0	0	0	0	0
647	B.포미안워리어	B.포미안워리어	190	13158	1534	1830	2020	408	0	0	410	7880	10954	89	200	0	3	8	5	0	4	2	0	0	0	1	1	360	2	0	0	0	0	0	0	0	0
48	D231.인큐버스	D231.인큐버스	231	6400	950	1278	1368	279	0	0	333	6681	9271	36	241	0	3	8	8	0	4	2	0	0	0	1	1	50	40	0	0	0	0	0	0	0	0
248	D232.인큐버스	D232.인큐버스	232	6420	953	1282	1373	280	0	0	334	6702	9299	40	242	0	3	8	8	0	4	2	0	0	0	1	1	50	40	0	0	0	0	0	0	0	0
348	D233.인큐버스	D233.인큐버스	233	6440	956	1286	1378	281	0	0	336	6723	9327	40	243	0	3	8	8	0	4	2	0	0	0	1	1	50	40	0	0	0	0	0	0	0	0
448	D234.인큐버스	D234.인큐버스	234	6460	959	1290	1383	282	0	0	338	6744	9355	40	244	0	3	8	8	0	4	2	0	0	0	1	1	50	40	0	0	0	0	0	0	0	0
548	D235.인큐버스	D235.인큐버스	235	6480	962	1294	1388	283	0	0	340	6765	9384	40	245	0	3	8	8	0	4	2	0	0	0	1	1	50	40	0	0	0	0	0	0	0	0
648	DB.인큐버스	DB.인큐버스	235	12960	1924	2588	2776	566	0	0	680	13530	18768	89	245	0	3	8	8	0	4	2	0	0	0	1	1	300	2	0	0	0	0	0	0	0	0
49	P246.덤프솔져	P246.덤프솔져	246	7536	1205	1492	1510	296	0	0	412	6892	9558	40	256	0	3	8	7	0	4	2	0	0	0	1	1	120	40	0	0	0	0	0	0	0	0
249	P247.덤프솔져	P247.덤프솔져	247	7559	1209	1497	1515	297	0	0	414	6913	9587	40	257	0	3	8	7	0	4	2	0	0	0	1	1	120	40	0	0	0	0	0	0	0	0
349	P248.덤프솔져	P248.덤프솔져	248	7582	1213	1502	1520	298	0	0	416	6934	9616	40	258	0	3	8	7	0	4	2	0	0	0	1	1	120	40	0	0	0	0	0	0	0	0
449	P249.덤프솔져	P249.덤프솔져	249	7605	1217	1507	1525	299	0	0	418	6955	9645	40	259	0	3	8	7	0	4	2	0	0	0	1	1	120	40	0	0	0	0	0	0	0	0
549	P250.덤프솔져	P250.덤프솔져	250	7628	1221	1512	1530	300	0	0	420	6976	9674	40	260	0	3	8	7	0	4	2	0	0	0	1	1	120	40	0	0	0	0	0	0	0	0
649	PB.덤프솔져	PB.덤프솔져	250	15256	2442	3024	3060	600	0	0	840	13952	19348	89	260	0	3	8	7	0	4	2	0	0	0	1	1	360	2	0	0	0	0	0	0	0	0
50	P251.덤프솔져워리어	P251.덤프솔져워리어	251	7875	1240	1564	1632	315	0	0	438	6964	9658	40	261	0	3	8	8	0	4	2	0	0	0	1	1	120	40	0	0	0	0	0	0	0	0
250	P252.덤프솔져워리어	P252.덤프솔져워리어	252	7899	1244	1569	1637	316	0	0	440	6985	9687	40	262	0	3	8	8	0	4	2	0	0	0	1	1	120	40	0	0	0	0	0	0	0	0
350	P253.덤프솔져워리어	P253.덤프솔져워리어	253	7923	1248	1574	1642	317	0	0	442	7006	9717	40	263	0	3	8	8	0	4	2	0	0	0	1	1	120	40	0	0	0	0	0	0	0	0
450	P254.덤프솔져워리어	P254.덤프솔져워리어	254	7947	1252	1579	1647	318	0	0	444	7028	9747	40	264	0	3	8	8	0	4	2	0	0	0	1	1	120	40	0	0	0	0	0	0	0	0
550	P255.덤프솔져워리어	P255.덤프솔져워리어	255	7971	1256	1584	1652	319	0	0	446	7050	9777	40	265	0	3	8	8	0	4	2	0	0	0	1	1	120	40	0	0	0	0	0	0	0	0
650	PB.덤프솔져워리어	PB.덤프솔져워리어	255	15942	2512	3168	3304	638	0	0	892	14100	19554	89	265	0	3	8	8	0	4	2	0	0	0	1	1	360	2	0	0	0	0	0	0	0	0
51	P261.가스트	P261.가스트	261	11876	1993	0	0	337	1715	1833	547	7108	9858	40	271	574	3	8	8	0	4	2	0	0	0	1	1	120	40	0	0	0	0	0	0	0	1
251	P262.가스트	P262.가스트	262	11912	1999	0	0	339	1721	1839	549	7130	9888	40	272	580	3	8	8	0	4	2	0	0	0	1	1	120	40	0	0	0	0	0	0	0	1
351	P263.가스트	P263.가스트	263	11948	2005	0	0	341	1727	1845	551	7152	9918	40	273	585	3	8	8	0	4	2	0	0	0	1	1	120	40	0	0	0	0	0	0	0	1
451	P264.가스트	P264.가스트	264	11984	2012	0	0	343	1733	1851	553	7174	9948	40	274	591	3	8	8	0	4	2	0	0	0	1	1	120	40	0	0	0	0	0	0	0	1
551	P265.가스트	P265.가스트	265	12020	2019	0	0	345	1739	1857	555	7196	9978	40	275	597	3	8	8	0	4	2	0	0	0	1	1	120	40	0	0	0	0	0	0	0	1
651	PB.가스트	PB.가스트	265	24040	4038	0	0	690	3478	3714	1110	14392	19956	89	275	1194	3	8	8	0	4	2	0	0	0	1	1	360	2	0	0	0	0	0	0	0	1
52	P236.고쿤	P236.고쿤	236	6783	1138	1320	1414	273	0	0	395	6749	9366	40	246	0	3	8	8	0	4	2	0	0	0	1	1	120	40	0	0	0	0	0	0	0	0
252	P237.고쿤	P237.고쿤	237	6804	1142	1324	1419	274	0	0	397	6770	9395	40	247	0	3	8	8	0	4	2	0	0	0	1	1	120	40	0	0	0	0	0	0	0	0
352	P238.고쿤	P238.고쿤	238	6825	1146	1328	1424	275	0	0	399	6791	9424	40	248	0	3	8	8	0	4	2	0	0	0	1	1	120	40	0	0	0	0	0	0	0	0
452	P239.고쿤	P239.고쿤	239	6846	1150	1332	1429	276	0	0	401	6812	9453	40	249	0	3	8	8	0	4	2	0	0	0	1	1	120	40	0	0	0	0	0	0	0	0
552	P240.고쿤	P240.고쿤	240	6867	1154	1336	1434	277	0	0	403	6833	9482	40	250	0	3	8	8	0	4	2	0	0	0	1	1	120	40	0	0	0	0	0	0	0	0
652	PB.고쿤	PB.고쿤	240	13734	2308	2672	2868	554	0	0	806	13666	18964	89	250	0	3	8	8	0	4	2	0	0	0	1	1	360	2	0	0	0	0	0	0	0	0
53	L176.바포메트워리어	L176.바포메트워리어	176	6434	948	848	957	189	0	0	268	3761	5245	36	186	0	3	8	8	0	4	2	0	0	0	1	1	120	40	0	0	0	0	0	0	0	0
253	L177.바포메트워리어	L177.바포메트워리어	177	6441	949	849	958	190	0	0	269	3765	5251	36	187	0	3	8	8	0	4	2	0	0	0	1	1	120	40	0	0	0	0	0	0	0	0
353	L178.바포메트워리어	L178.바포메트워리어	178	6448	950	850	959	191	0	0	270	3769	5257	36	188	0	3	8	8	0	4	2	0	0	0	1	1	120	40	0	0	0	0	0	0	0	0
453	L179.바포메트워리어	L179.바포메트워리어	179	6455	951	851	960	192	0	0	271	3773	5263	36	189	0	3	8	8	0	4	2	0	0	0	1	1	120	40	0	0	0	0	0	0	0	0
553	L180.바포메트워리어	L180.바포메트워리어	180	6462	952	852	961	193	0	0	272	3777	5269	36	190	0	3	8	8	0	4	2	0	0	0	1	1	120	40	0	0	0	0	0	0	0	0
653	B.바포메트워리어	B.바포메트워리어	180	12924	1904	1704	1922	386	0	0	544	7554	10538	89	190	0	3	8	8	0	4	2	0	0	0	1	1	360	2	0	0	0	0	0	0	0	0
54	L181.레드와이번	L181.레드와이번	181	6953	6811	0	0	177	880	936	470	3851	5355	36	191	0	10	10	10	0	4	2	0	0	0	1	2	120	40	0	0	0	0	0	0	0	1
254	L182.레드와이번	L182.레드와이번	182	6960	6818	0	0	178	881	937	471	3855	5361	36	192	0	10	10	10	0	4	2	0	0	0	1	2	120	40	0	0	0	0	0	0	0	1
354	L183.레드와이번	L183.레드와이번	183	6967	6825	0	0	179	882	938	472	3859	5367	36	193	0	10	10	10	0	4	2	0	0	0	1	2	120	40	0	0	0	0	0	0	0	1
454	L184.레드와이번	L184.레드와이번	184	6974	6832	0	0	180	883	939	473	3863	5373	36	194	0	10	10	10	0	4	2	0	0	0	1	2	120	40	0	0	0	0	0	0	0	1
554	L185.레드와이번	L185.레드와이번	185	6981	6839	0	0	181	884	940	474	3867	5379	36	195	0	10	10	10	0	4	2	0	0	0	1	2	120	40	0	0	0	0	0	0	0	1
654	B.레드와이번	B.레드와이번	185	13962	13678	0	0	362	1768	1880	948	7734	10758	89	195	0	10	10	10	0	4	2	0	0	0	1	2	360	2	0	0	0	0	0	0	0	1
101	아이스나이츠 킹	아이스나이츠 킹	300	152460	68811	0	0	871	2665	2680	2178	143298	198760	100	310	0	12	10	8	0	4	2	0	0	0	2	1	1800	1	0	0	0	0	0	0	0	1
103	디멘션웜	디멘션웜	350	190575	91728	0	0	901	2800	2820	2253	214947	298140	100	360	0	6	10	8	0	4	2	0	0	0	2	1	1800	1	0	0	0	0	0	0	0	1
102	블러드 데몬	블러드 데몬	400	228690	25620	2988	3121	958	0	0	2265	322421	447210	100	410	0	3	10	8	0	4	2	0	0	0	2	1	1800	1	0	0	0	0	0	0	0	0
1001	성문	성문	1	46585	9	7	12	0	0	0	0		4	0	10	0	2	2	0	0	2	0	0	0	0	1	0	30	30	0	0	0	0	0	0	0	0
1002	성물	성물	1	93170	9	7	12	0	0	0	0		4	0	10	0	2	2	0	0	2	0	0	0	0	1	0	30	30	0	0	0	0	0	0	0	0
