wa_0001_1.mod 八如        0.412          -0.002         -0.151              0.858         -0.002          -0.15
wa_0002_1.mod 八如C        0.594           0.005         -0.085              1.202          0.004          -0.14
wa_0003_1.mod 八如        0.589          -0.002         -0.088              0.698         -0.002          -0.245
wa_0004_1.mod 八如        0.499           0.003         -0.103              0.653          0.003          -0.055
wa_0005_1.mod 八如        0.917           0.087         -0.323              0.917         -0.075          -0.323   
wa_0006_1.mod 八如        0.443           0.003         -0.129              0.662          0.004          -0.158
wa_0007_1.mod 八如        0.276          -0.00          -0.152              0.836          0.00           -0.11
wa_0008_1.mod 八如        0.247          -0.0           -0.141              0.366         -0.00           -0.15
wa_0009_1.mod 八如        0.207           0.0           -0.117              0.333          0.0            -0.117
wa_0010_1.mod 八如        0.476           0.008         -0.199              0.765          0.012          -0.197
wa_0011_1.mod 八如2        0.675          -0.005         -0.179              1.116         -0.005          -0.196
wa_0012_1.mod 八如2        0.596          -0.001         -0.203              1.002          0.001          -0.235
wa_0013_1.mod 八如3        0.46            0.001          0.001              0.887          0.002           0.001  
wa_0014_1.mod 八如3        0.496          -0.001          0.0                0.954         -0.004          -0.001  
wa_0015_1.mod 八如A       -0.007           0.0            0.003              0.391          0.0             0.004
wa_0016_1.mod 八如        0.191           0.00          -0.136              0.413          0.0            -0.14
wa_0017_1.mod 八如3        0.426           0.0           -0.195              1.077          0.0            -0.173
wa_0018_1.mod 八如        0.607           0.0           -0.306              1.002          0.0            -0.285
wa_0019_1.mod 八如2        0.747          -0.0           -0.131              1.106         -0.0            -0.159
wa_0020_1.mod 八如A        0.635          -0.0            0.003              1.099          0.0            -0.001
wa_0021_1.mod 八如        0.956          -0.001         -0.212              1.124         -0.001          -0.213
wa_0022_1.mod 八如        0.508          -0.0           -0.153              0.669         -0.0            -0.153
wa_0023_1.mod 八如        0.548           0.002         -0.092              0.827          0.002          -0.089
wa_0024_1.mod 八如        0.52           -0.004          0.001              0.851         -0.004          -0.002
wa_0025_1.mod 八如        0.575           0.002         -0.145              0.737          0.002          -0.155
wa_0026_1.mod 八如        0.865           0.0            0.011              1.247         -0.0             0.013
wa_0027_1.mod 八如        0.562          -0.001          0.001              1.019         -0.001           0.004
wa_0028_1.mod 八如D        0.371           0.001         -0.091              1.066         -0.001          -0.177
wa_0029_1.mod 八如D        0.504           0.0           -0.062              1.063         -0.001          -0.088
wa_0030_1.mod 八如        0.496           0.0           -0.0                1.194          0.006           0.001
wa_0031_1.mod 八如A        0.496          -0.002         -0.081              1.106         -0.002          -0.15
wa_0032_1.mod 八如C        0.371           0.001         -0.091              1.066         -0.001          -0.177
wa_0033_1.mod 八如B        0.498           0.0           -0.065              1.058         -0.001          -0.091
wa_0034_1.mod 八如B        0.496           0.0            0.001              1.185          0.006          -0.002
wa_0035_1.mod 八如B        0.571          -0.001         -0.077              1.181         -0.002          -0.148
wa_0036_1.mod 八如        0.131          -0.001         -0.141              0.53          -0.001          -0.143
wa_0037_1.mod 八如C        0.323           0.001         -0.08               0.904         -0.001          -0.13
wa_0038_1.mod 八如2        0.749           0.013         -0.174              1.1            0.014          -0.219
wa_0039_1.mod 八如D        0.635          -0.0            0.003              1.099          0.0            -0.001
wa_0040_1.mod 八如2        0.677           0.002         -0.093              0.99           0.003          -0.207
wa_0041_1.mod 八如3        0.434          -0.002         -0.33               0.87          -0.005          -0.303
wa_0042_1.mod 八如3        0.26            0.0           -0.149              0.811          0.0            -0.13
wa_0043_1.mod 八如        0.191           0.0           -0.136              0.413          0.0            -0.14
wa_0044_1.mod 八如        0.218          -0.0           -0.359              0.824         -0.0            -0.222
wa_0045_1.mod 八如        0.369           0.0           -0.301              1.107          0.0            -0.171
wa_0046_1.mod 八如        0.437           0.0           -0.0                0.994          0.0            -0.0
wa_0047_1.mod 八如        0.405           0.0            0.001              0.887         -0.0             0.001
wa_0048_1.mod 八如        0.313          -0.0           -0.142              0.927          0.0            -0.196
wa_0049_1.mod 八如        0.272           0.001          0.005              1.087         -0.0             0.004
wa_0050_1.mod 八如        0.45           -0.0           -0.0                1.001         -0.0            -0.0
wa_0051_1.mod 八如        0.145           0.0           -0.002              1.031          0.0             0.003
wa_0052_1.mod 八如        0.476          -0.0           -0.074              0.919         -0.0            -0.084
wa_0053_1.mod 八如        0.479          -0.0           -0.0                0.946         -0.0            -0.0
wc_0001_1.mod 八如3        0.77            0.0            0.006              1.1            0.0             0.006
wc_0002_1.mod 八如2        0.794           0.0            0.004              1.183         -0.0             0.002
wc_0003_1.mod 八如2        0.57            0.0            0.002              0.923         -0.0            -0.0
wc_0004_1.mod 八如        0.435           0.001          0.001              0.796         -0.001          -0.002
wc_0005_1.mod 八如        0.218          -0.0            0.003              0.777         -0.0             0.012
wc_0006_1.mod 八如        0.178          -0.0            0.002              0.619         -0.0            -0.001
wc_0007_1.mod 八如        0.333          -0.0            0.003              0.845         -0.0             0.004
wc_0008_1.mod 八如        0.787          -0.0            0.002              1.298         -0.0             0.001
wc_0009_1.mod 八如2        0.393           0.001          0.01               0.866         -0.001           0.001
wc_0010_1.mod 八如2        0.767           0.0            0.007              1.097          0.0             0.005
wc_0011_1.mod 八如3        0.669           0.0            0.005              0.975          0.0             0.006
wc_0012_1.mod 八如3        0.764          -0.0            0.002              0.991         -0.0             0.003
wc_0013_1.mod 八如        0.935           0.001         -0.002              1.083          0.001          -0.002
wc_0014_1.mod 八如3        0.699           0.0           -0.0                1.099          0.0             0.0 
wc_0015_1.mod 八如C        0.831           0.001         -0.0                1.252          0.001           0.002
wc_0016_1.mod 八如        0.9             -0.0          -0.01               1.298         -0.0            -0.002
wc_0017_1.mod 八如3        0.754           -0.0          -0.001              1.193         -0.0            -0.011
wc_0018_1.mod 八如        0.862            0.0           0.001              1.193         -0.0             0.0
wc_0019_1.mod 八如        0.78             0.0           0.006              1.344         -0.0             0.003
wc_0020_1.mod 八如2        0.609           -0.0          -0.002              0.978         -0.0            -0.003
wc_0021_1.mod 八如3        0.825           -0.0           0.005              1.195          0.0             0.007
wc_0022_1.mod 八如A        0.823            0.0           0.005              1.204          0.0             0.004
wc_0023_1.mod 八如3        0.807           -0.0           0.006              1.2           -0.0             0.007
wc_0024_1.mod 八如D        0.605            0.001         0.007              1.233          0.001           0.008
wc_0025_1.mod 八如B        0.808            0.0           0.006              1.043          0.0             0.006
wc_0026_1.mod 八如        0.742            0.0           0.001              1.209          0.001           0.003
wc_0027_1.mod 八如        0.779           -0.0           0.0                1.235         -0.0             0.004
wc_0028_1.mod 八如C        0.981           -0.0           0.006              1.397         -0.0             0.004
wc_0029_1.mod 八如A       1.0              0.0           0.001              1.248         -0.0            -0.0
wc_0030_1.mod 八如        0.872            0.001        -0.009              1.208          0.001           0.002
wf_0001_1.mod 八如        0.343           -0.009        -0.096              0.595         -0.009          -0.054
wf_0002_1.mod 八如        0.255            0.005        -0.153              0.532          0.005           0.11
wf_0003_1.mod 八如        0.382           -0.003         0.014              0.547          0.003          -0.042
wf_0004_1.mod 八如3        0.228            0.0           0.007              0.679          0.0             0.003
wf_0005_1.mod 八如2        0.602            0.001         0.009              0.802          0.0             0.008
wf_0006_1.mod 八如        0.362            0.002        -0.024              0.539          0.004          -0.131
wf_0007_1.mod 八如B        0.313            0.0           0.001              0.81           0.0             0.001
wf_0008_1.mod 八如2        0.203           -0.004         0.0                0.805         -0.004          -0.099
wf_0009_1.mod 八如         0.098           -0.001         0.003              0.683          0.0             0.004
wf_0010_1.mod 八如2        0.288            0.001         0.002              0.716          0.0            -0.099
wf_0011_1.mod 八如2        0.53            -0.016         0.004              0.809          0.011           0.003
wf_0012_1.mod 八如A        0.306            0.004         0.006              0.531         -0.001           0.006
wf_0013_1.mod 八如D        0.323            0.0           0.007              0.801          0.001           0.016
wf_0014_1.mod 八如3        0.506            0.007         0.005              0.795         -0.0             0.006
wf_0015_1.mod 八如A        0.272            0.001         0.007              0.801         -0.001           0.007
wf_0016_1.mod 八如2        0.516            0.008         0.007              0.898         -0.005           0.008
wf_0017_1.mod 八如A        0.475            0.0           0.003              0.896          0.0             0.006
wf_0018_1.mod 八如3        0.326           -0.0           0.009              0.802          0.0             0.01
wf_0019_1.mod 八如B        0.522            0.002         0.003              0.998          0.001           0.007
wf_0020_1.mod 八如A       -0.003            0.003         0.018              0.896          0.004           0.053
wf_0021_1.mod 八如C        0.294            0.001         0.005              0.904         -0.0             0.011
wf_0022_1.mod 八如3        0.702            0.0           0.003              0.999         -0.0             0.004
wf_0023_1.mod 八如C        0.264            0.0           0.008              0.972          0.0             0.015
wf_0024_1.mod 八如D        0.208           -0.0          -0.001              1.001         -0.0            -0.03
wf_0025_1.mod 八如B        0.585           -0.008        -0.0                0.915          0.001          -0.002
wf_0026_1.mod 八如A        0.362            0.003         0.005              0.997          0.003          -0.204
wf_0027_1.mod 八如D        0.364           -0.001         0.004              0.793         -0.001          -0.003
wf_0028_1.mod 八如3        0.402            0.0           0.003              0.791          0.001           0.002
wf_0029_1.mod 八如C        0.489            0.004         0.005              0.902          0.004           0.08
wf_0030_1.mod 八如B        0.574           -0.001        -0.0                0.873         -0.002          -0.094
wf_0031_1.mod 八如C        0.455           -0.0           0.066              0.758         -0.0            -0.093
wf_0032_1.mod 八如D        0.305            0.0           0.022              0.793         -0.0            -0.002
wf_0033_1.mod 八如B        0.395           -0.0           0.0                0.9           -0.0            -0.11
wf_0034_1.mod 八如B        0.438           -0.015         0.002              0.801         -0.009           0.001
wf_0035_1.mod 八如        0.294            0.0           0.011              0.698         -0.0            -0.029
wp_0001_1.mod 八如3        0.93            -0.0           0.002              1.199          0.001           0.002
wp_0002_1.mod 八如3        1.185            0.001         0.004              1.402          0.001           0.006
wp_0003_1.mod 八如2        0.885            0.0           0.011              1.528          0.0             0.015
wp_0004_1.mod 八如        0.685           -0.0           0.001              1.222         -0.002           0.0
wp_0005_1.mod 八如        0.549            0.0           0.004              1.455         -0.001           0.054
wp_0006_1.mod 八如        0.642           -0.012        -0.653              1.437         -0.022          -0.068
wp_0007_1.mod 八如3        0.66            -0.001        -0.084              1.297          0.004          -0.026
wp_0008_1.mod 八如        1.046            0.0          -0.127              1.372         -0.0            -0.113
wp_0009_1.mod 八如3        0.979            0.0          -0.0                1.399          0.002           0.001 
wp_0010_1.mod 八如2        0.62            -0.002        -0.091              1.309         -0.0             0.001
wp_0011_1.mod 八如        0.725           -0.0           0.008              1.22          -0.001           0.009
wp_0012_1.mod 八如2        1.056            0.001         0.012              1.453          0.003           0.014
wp_0013_1.mod 八如A        0.297           -0.008         0.008              1.532          0.0             0.019
wp_0014_1.mod 八如C        0.781           -0.002         0.017              1.543         -0.007           0.019
wp_0015_1.mod 八如2        0.869           -0.013         0.013              1.544         -0.001           0.011
wp_0016_1.mod 八如C       0.347           -0.009         0.004              1.526          0.011           0.014
wp_0017_1.mod 八如        0.729            0.003         0.011              0.798          0.003           0.011
wp_0018_1.mod 八如        0.624           -0.0           0.004              0.959         -0.0             0.004
wp_0019_1.mod 八如A        1.141            0.0           0.01               1.59          -0.0             0.013
wp_0020_1.mod 八如         0.417            0.008        -0.001              1.263          0.012           0.069
wp_0021_1.mod 八如C        0.831           -0.001         0.003              1.598          0.001           0.006
wp_0022_1.mod 八如B        0.675            0.0           0.008              1.6            0.0             0.016
wp_0023_1.mod 八如D        0.816            0.006         0.005              1.594          0.006           0.012
wp_0024_1.mod 八如B        0.816           -0.0           0.009              1.602         -0.001           0.011
wp_0025_1.mod 八如D        0.328            0.007        -0.163              1.606          0.003          -0.033
wp_0026_1.mod 八如A        0.835            0.006         0.064              1.806          0.016           0.154
wp_0027_1.mod 八如A        0.793           -0.001         0.006              1.599          0.001           0.006
wp_0028_1.mod 八如C        0.622            0.003         0.067              1.599          0.006           0.058
wp_0029_1.mod 八如2        0.722           -0.0           0.007              1.204         -0.0             0.007
wp_0030_1.mod 八如3        0.84             0.0           0.004              1.401          0.0            -0.038
wp_0031_1.mod 八如        0.669            0.001        -0.0                1.4            0.0            -0.009
wp_0032_1.mod 八如        0.97            -0.0           0.006              1.282         -0.0             0.006
wp_0033_1.mod 八如2        0.867           -0.0           0.009              1.398         -0.0             0.008
wp_0034_1.mod 八如B        1.123            0.0          -0.0                1.595          0.0            -0.0
wp_0035_1.mod 八如B        0.778           -0.0           0.002              1.598         -0.0            -0.008
wp_0036_1.mod 八如3        0.993           -0.0          -0.083              1.598         -0.0            -0.037
wp_0037_1.mod 八如A        0.801            0.001        -0.0                1.601          0.001          -0.0
wp_0038_1.mod 八如        0.81            -0.001        -0.053              1.61          -0.001           0.002
ws_0001_1.mod 八如2        0.139           -0.001        -0.051              1.145         -0.001           0.005
ws_0002_1.mod 八如        0.103           -0.001        -0.034              0.843         -0.001           0.018
ws_0003_1.mod 八如        0.198            0.004         0.003              1.005          0.004          -0.004
ws_0004_1.mod 八如        0.222           -0.0           0.004              1.35           0.0            -0.005
ws_0005_1.mod 八如3        0.188           -0.0           0.004              1.057         -0.0            -0.004
ws_0006_1.mod 八如        0.112           -0.0           0.004              1.145          0.0            -0.005
ws_0007_1.mod 八如D        0.236           -0.001        -0.003              1.357          0.003          -0.005
ws_0008_1.mod 八如2        0.31             0.009         0.002              1.779          0.018           0.003
ws_0009_1.mod 八如B        0.235           -0.001        -0.003              1.357          0.003           0.002
ws_0010_1.mod 八如C        0.229           -0.001         0.002              1.35           0.003           0.001
ws_0011_1.mod 八如        0.219            0.0          -0.019              1.22           0.0             0.045
ws_0012_1.mod 八如3        0.193            0.0           0.003              1.159         -0.0            -0.006
ws_0013_1.mod 八如         0.125           -0.0           0.001              1.062          0.006          -0.0
ws_0014_1.mod 八如3        0.144            0.0           0.006              1.198         -0.0             0.007
ws_0015_1.mod 八如        0.076           -0.0           0.004              0.774          0.0            -0.002
ws_0016_1.mod 八如         0.159           -0.002         0.005              1.263         -0.003           0.006
ws_0017_1.mod 八如3        0.17             0.002        -0.001              1.509          0.011          -0.005
ws_0018_1.mod 八如3        0.152           -0.001         0.001              1.448          0.002           0.001
ws_0019_1.mod 八如3        0.198            0.0           0.005              1.621          0.003           0.002
ws_0020_1.mod 八如2        0.144            0.001         0.003              1.43          -0.002           0.001
ws_0021_1.mod 八如C        0.066           -0.0           0.001              0.534          0.0             0.036
ws_0022_1.mod 八如        0.104            0.009         0.006              1.301          0.018           0.011
ws_0023_1.mod 八如2        0.077           -0.0           0.002              0.389         -0.0            -0.001
ws_0024_1.mod 八如        0.177           -0.0           0.007              1.116         -0.004           0.062
ws_0025_1.mod 八如        0.144            0.007        -0.003              1.26          -0.002          -0.004
ws_0026_1.mod 八如3        0.113           -0.001        -0.001              1.403         -0.004           0.0
ws_0027_1.mod 八如        0.069           -0.001        -0.001              0.82           0.003          -0.002  
ws_0028_1.mod 八如2        0.191            0.0          -0.048              1.301          0.001           0.133
ws_0029_1.mod 八如         0.109           -0.0          -0.0                1.283          0.004          -0.001
ws_0030_1.mod 八如        0.184            0.0          -0.002              0.894          0.0            -0.001
ws_0031_1.mod 八如A       0.046           -0.0           0.003              0.507          0.0            -0.001
ws_0032_1.mod 八如2        0.059           -0.001         0.0                0.356          0.0            -0.0
ws_0033_1.mod 八如2        0.07             0.0           0.007              0.354          0.0            -0.0
ws_0034_1.mod 八如B        0.089           -0.001        -0.027              0.497         -0.001           0.03
ws_0035_1.mod 八如A        0.059            0.001         0.002              0.346          0.001           0.008
ws_0036_1.mod 八如        0.044            0.0           0.0                0.341          0.001           0.001
ws_0041_1.mod 八如        0.089           -0.0           0.005              0.746          0.0             0.005
ws_0042_1.mod 八如        0.092           -0.0           0.006              0.749          0.0             0.006
ws_0043_1.mod 八如        0.07            -0.0           0.006              0.728          0.0             0.006
ws_0044_1.mod 八如        0.092           -0.0           0.006              0.749          0.0             0.006
ws_0045_1.mod 八如        0.077            0.0           0.001              0.37          -0.0             0.001
ws_0046_1.mod 八如        0.095            0.0           0.004              0.494         -0.0             0.016
ws_0047_1.mod 八如        0.042           -0.0           0.002              0.45           0.0             0.002 
ws_0048_1.mod 八如        0.083           -0.0           0.005              0.626         -0.0            -0.0
ws_0049_1.mod 八如        0.128           -0.0           0.01               0.886         -0.0             0.119
ws_0050_1.mod 八如2        0.145            0.001         0.003              1.079         -0.0            -0.002
ws_0051_1.mod 八如2        0.099            0.001         0.001              0.996          0.001           0.019
ws_0052_1.mod 八如3        0.153            0.0          -0.004              1.142          0.0             0.021
ws_0053_1.mod 八如3        0.087            0.0          -0.005              0.648          0.0             0.009
ws_0054_1.mod 八如3        0.179           -0.005        -0.003              1.423         -0.001          -0.006
ws_0055_1.mod 八如A        0.166           -0.0           0.003              1.444          0.009           0.007
ws_0056_1.mod 八如        0.184           -0.0          -0.001              0.632          0.0            -0.003
ws_0057_1.mod 八如2        0.151           -0.001         0.036              1.037          0.007          -0.076
ws_0058_1.mod 八如        0.231            0.004        -0.002              0.737         -0.001          -0.018
ws_0059_1.mod 八如        0.154            0.001         0.001              0.695          0.001          -0.005
ws_0060_1.mod 八如        0.165           -0.003        -0.004              1.379          0.004          -0.009
ws_0061_1.mod 八如3        0.104            0.002        -0.008              0.446          0.002          -0.025
ws_0062_1.mod 八如B        0.094            0.003         0.002              0.496         -0.001           0.003
ws_0063_1.mod 八如3        0.385            0.001        -0.0                1.144         -0.001          -0.002
ws_0064_1.mod 八如A        0.303           -0.0           0.004              1.275         -0.0             0.004
ws_0065_1.mod 八如D        0.207           -0.0           0.003              0.871         -0.0             0.004
ws_0066_1.mod 八如C        0.234            0.0           0.004              1.17           0.0            -0.002
ws_0067_1.mod 八如D        0.119            0.0           0.003              1.136          0.0            -0.005
ws_0068_1.mod 八如B        0.125           -0.0           0.002              1.358         -0.0             0.002
ws_0069_1.mod 八如A        0.132           -0.001         0.002              1.227         -0.001           0.05
ws_0070_1.mod 八如A        0.242            0.0           0.006              1.338          0.0             0.006
ws_0071_1.mod 八如A        0.343           -0.0           0.0                1.284          0.001          -0.002
ws_0072_1.mod 八如D        0.184           -0.0           0.0                1.492          0.0            -0.0
ws_0073_1.mod 八如C        0.326           -0.0          -0.0                1.513         -0.0            -0.0
ws_0074_1.mod 八如A        0.132           -0.0           0.001              1.519         -0.0             0.001
ws_0075_1.mod 八如D        0.215           -0.0           0.0                1.53          -0.0             0.0
ws_0076_1.mod 八如B        0.309            0.0           0.0                1.511          0.0            -0.0
ws_0077_1.mod 八如D        0.296           -0.0           0.0                1.489         -0.0             0.002
ws_0078_1.mod 八如C        0.445           -0.0          -0.0                1.457         -0.0            -0.0
ws_0079_1.mod 八如C        0.243            0.0          -0.0                1.394          0.0             0.0 
ws_0080_1.mod 八如B        0.384            0.0           0.0                1.479          0.0             0.0
ws_0081_1.mod 八如A        0.194           -0.0          -0.052              1.443         -0.0             0.407
mt_twilight_1.mod twilight_blue 0.1458286 0.0 0.0 1.74186882 0.0 0.0
mt_twilight_2.mod twilight_blue 0.1458286 0.0 0.0 1.74186882 0.0 0.0
mt_twilight_3.mod twilight_blue 0.1458286 0.0 0.0 1.74186882 0.0 0.0
